;Exported by:	 guita
;Date:			 21.05.2022 15:37:25
;File:			 D:\Git\3D_Scenes\GoH_3D_vehicles_ger\vehicles\cannon\100mm_nbw35\100mm_nbw35_x.max
{skeleton
	{bone revolute "basis"
		{orientation
			1 	 0 	 0
			0 	 -1 	 0
			0 	 0 	 1
		}
		{bone "body"
			{parameters "id=body;"}
			{Position 0 	 0 	 0.0075}
			{VolumeView "body.ply"}
			{bone revolute "turret"
				{limits -10 10}
				{speed 0.01}
				{Position 0.1575 	 0.1772 	 -0.0104}
				{bone "gun_rot"
					{parameters "id=body;"}
					{Position -0.0577 	 -0.171 	 0.6767}
					{VolumeView "gun_rot.ply"}
					{bone "gun"
						{parameters "id=body;"}
						{matrix34
							0.9951 	 0 	 0.0992
							0 	 1 	 0
							-0.0992 	 0 	 0.9951
							-0.0013 	 -0.0062 	 -0.0044
						}
						{VolumeView "gun.ply"}
						{bone "grip"
							{parameters "id=body;"}
							{matrix34
								0.9951 	 0 	 -0.0992
								0 	 1 	 0
								0.0992 	 0 	 0.9951
								15.6549 	 0 	 17.664
							}
							{VolumeView "grip.ply"}
							{bone "2"
								{parameters "id=body;"}
								{matrix34
									0.8829 	 0 	 -0.4695
									0 	 1 	 0
									0.4695 	 0 	 0.8829
									-2.3102 	 1.7515 	 0.7247
								}
								{VolumeView "2.ply"}
							}
							{bone "1"
								{parameters "id=body;"}
								{matrix34
									0.8529 	 0.2588 	 -0.4535
									-0.2285 	 0.9659 	 0.1215
									0.4695 	 0 	 0.8829
									-2.0889 	 -1.7141 	 1.1029
								}
								{VolumeView "1.ply"}
							}
						}
					}
					{bone "bipod_base"
						{parameters "id=body;"}
						{Position 13.8247 	 -0.0062 	 19.1249}
						{VolumeView "bipod_base.ply"}
						{bone "sight"
							{parameters "id=body;"}
							{matrix34
								0.9976 	 0 	 0.0698
								0 	 1 	 0
								-0.0698 	 0 	 0.9976
								0 	 4.8975 	 0
							}
							{VolumeView "sight.ply"}
						}
						{bone "lever_h"
							{parameters "id=body;"}
							{matrix34
								0.8387 	 0 	 0.5446
								-0.5446 	 0 	 0.8387
								0 	 -1 	 0
								0 	 -4.1101 	 0
							}
							{VolumeView "lever_h.ply"}
						}
						{bone "bipod_cent"
							{parameters "id=body;"}
							{matrix34
								0.8387 	 0 	 0.5446
								0 	 1 	 0
								-0.5446 	 0 	 0.8387
								3.8848 	 0 	 -5.9612
							}
							{VolumeView "bipod_cent.ply"}
							{bone "bipod_lower"
								{parameters "id=body;"}
								{VolumeView "bipod_lower.ply"}
								{bone "stan_l"
									{parameters "id=body;"}
									{Position 0.0056 	 2.1018 	 -0.2724}
									{VolumeView "stan_l.ply"}
								}
								{bone "stan_r"
									{parameters "id=body;"}
									{matrix34
										1 	 0 	 0
										0 	 0.866 	 -0.5
										0 	 0.5 	 0.866
										0.0057 	 -2.1254 	 -0.2724
									}
									{VolumeView "stan_r.ply"}
								}
							}
						}
					}
				}
			}
		}
	}
}
