;Exported by:	 guita
;Date:			 26.12.2021 17:22:26
;File:			 D:\Git\3D_Scenes\GoH_3D_vehicles_fin\3d vehicles\Cannon\20 ITK 40 VKT\20 ITK 40 VKT_xx.max
{skeleton
	{bone "basis"
		{orientation
			1 	 0 	 0
			0 	 -1 	 0
			0 	 0 	 1
		}
		{bone "body"
			{parameters "id=body;"}
			{Position 4.2012 	 0 	 5.0832}
			{LODView
				{VolumeView "body.ply"}
				{VolumeView "body_lod1.ply"}
			}
			{bone revolute "turret"
				{parameters "id=body;"}
				{matrix34
					0.9961 	 0.0871 	 0.0135
					-0.0872 	 0.9962 	 0
					-0.0134 	 -0.0012 	 0.9999
					-1.6555 	 0 	 2.4162
				}
				{LODView
					{VolumeView "turret.ply"}
					{VolumeView "turret_lod1.ply"}
				}
				{bone revolute "part1"
					{parameters "id=gun;"}
					{matrix34
						0.9936 	 0.0128 	 -0.1125
						0.1132 	 -0.1125 	 0.9872
						0 	 -0.9936 	 -0.1132
						3.2415 	 0 	 12.5997
					}
					{LODView
						{VolumeView "part1.ply"}
						{VolumeView "part1_lod1.ply"}
					}
				}
			}
			{bone "leg_center"
				{parameters "id=body;"}
				{Position -10.3167 	 0 	 -2.5734}
				{LODView
					{VolumeView "leg_center.ply"}
					{VolumeView "leg_center_lod1.ply"}
				}
			}
			{bone "part6"
				{parameters "id=body;"}
				{matrix34
					1 	 0 	 0
					0 	 0.289 	 0.9573
					0 	 -0.9573 	 0.289
					-10.2075 	 0 	 0.8852
				}
				{LODView
					{VolumeView "part6.ply"}
					{VolumeView "part6_lod1.ply"}
				}
			}
		}
		{bone "pivot_front"
			{Position 3.1459 	 0 	 3.6578}
			{bone prizmatic "suspension_r1"
				{limits -0.05 0.05}
				{speed 0.09}
				{Position -0.0456 	 -21.3285 	 6.0034}
				{bone revolute "part5"
					{parameters "id=wheelright;"}
					{matrix34
						0.9735 	 -0.1651 	 -0.1581
						-0.2054 	 -0.9354 	 -0.2879
						-0.1003 	 0.3128 	 -0.9445
						-1.7797 	 -1.4915 	 -4.714
					}
					{LODView
						{VolumeView "part5.ply"}
						{VolumeView "part5_lod1.ply"}
					}
				}
				{bone "part4"
					{parameters "id=body;"}
					{matrix34
						0.9735 	 -0.1651 	 -0.1581
						-0.1003 	 0.3128 	 -0.9445
						0.2054 	 0.9354 	 0.2879
						-1.0059 	 2.8218 	 -4.3001
					}
					{LODView
						{VolumeView "part4.ply"}
						{VolumeView "part4_lod1.ply"}
					}
				}
			}
			{bone prizmatic "suspension_l1"
				{limits -0.05 0.05}
				{speed 0.09}
				{Position -0.0456 	 21.2212 	 6.0034}
				{bone revolute "part2"
					{parameters "id=wheelleft;"}
					{matrix34
						1 	 0 	 0
						0 	 0.7717 	 -0.636
						0 	 0.636 	 0.7717
						-1.4001 	 1.9534 	 -4.403
					}
					{LODView
						{VolumeView "part2.ply"}
						{VolumeView "part2_lod1.ply"}
					}
				}
				{bone "part3"
					{parameters "id=body;"}
					{matrix34
						1 	 0 	 0
						0 	 0.636 	 0.7717
						0 	 -0.7717 	 0.636
						-1.4243 	 -1.8171 	 -2.1144
					}
					{LODView
						{VolumeView "part3.ply"}
						{VolumeView "part3_lod1.ply"}
					}
				}
			}
		}
	}
}
{obstacle "obstacle"
	{obb2
		{center 3.38101 0}
		{extent 12.5984 16.3287}
		{axis -1 0}
	}
	{rotate}
}
{volume "barrel1"
	{polyhedron "barrel1.vol"}
	{bone "part1"}
	{matrix34
		0.9998 	 -0.0175 	 0
		0 	 0 	 -1
		0.0175 	 0.9998 	 0
		0.6427 	 -0.6286 	 -0.0805
	}
}
{volume "body1"
	{cylinder 7.32367 4.40358}
	{bone "body"}
	{Position 0.0439 	 0 	 1.2964}
}
{volume "body2"
	{polyhedron "body2.vol"}
	{bone "body"}
	{Position 1.5058 	 -0.0112 	 -0.6227}
}
{volume "body3"
	{polyhedron "body3.vol"}
	{bone "turret"}
	{matrix34
		-1 	 0 	 0
		0 	 0 	 1
		0 	 1 	 0
		0.4218 	 -7.0998 	 9.1309
	}
}
{volume "body4"
	{polyhedron "body4.vol"}
	{bone "turret"}
	{matrix34
		-0.9893 	 0.1462 	 0
		0 	 0 	 1
		0.1462 	 0.9893 	 0
		-16.0614 	 0.9919 	 15.1394
	}
}
{volume "part3"
	{polyhedron "part3.vol"}
	{bone "part3"}
	{matrix34
		-0.6561 	 0 	 -0.7547
		0.7547 	 0 	 -0.6561
		0 	 -1 	 0
		0.0316 	 4.1496 	 -4.0813
	}
}
{volume "part4"
	{polyhedron "part4.vol"}
	{bone "part4"}
	{matrix34
		-0.6559 	 0 	 -0.7549
		0.7549 	 0 	 -0.6559
		0 	 -1 	 0
		-0.0161 	 1.8766 	 -5.1776
	}
}
{volume "part6"
	{box 35.7365 5.16511 2.66326}
	{bone "part6"}
	{matrix34
		0.9863 	 0.1373 	 -0.0917
		-0.1267 	 0.2737 	 -0.9534
		-0.1058 	 0.952 	 0.2873
		-16.0464 	 -1.8325 	 0.5741
	}
}
{volume "wheelleft"
	{polyhedron "wheelleft.vol"}
	{bone "part2"}
	{matrix34
		-0.6561 	 0.7547 	 0
		0.7547 	 0.6561 	 0
		0 	 0 	 -1
		0.0074 	 0.0065 	 1.3254
	}
}
{volume "wheelright"
	{polyhedron "wheelright.vol"}
	{bone "part5"}
	{matrix34
		-0.6559 	 0.7549 	 0
		0.7549 	 0.6559 	 0
		0 	 0 	 -1
		0 	 0 	 2.7133
	}
}
