;Exported by:	 guita
;Date:			 17.02.2022 18:20:46
;File:			 D:\Git\3D_Scenes\GoH_3D_vehicles_rus\vehicles\cannon\m37\45mm_m37_xx.max
{skeleton
	{bone revolute "basis"
		{orientation
			1 	 0 	 0
			0 	 -1 	 0
			0 	 0 	 1
		}
		{bone "body"
			{parameters "id=body;"}
			{Position -0.0337 	 -0.1185 	 7.5448}
			{VolumeView "body.ply"}
			{bone "standr"
				{parameters "id=body;"}
				{matrix34
					0.9613 	 0 	 0.2756
					0 	 1 	 0
					-0.2756 	 0 	 0.9613
					-1.1525 	 -7.3955 	 -0.3644
				}
				{VolumeView "standr.ply"}
			}
			{bone revolute "turret"
				{parameters "id=body;"}
				{matrix34
					0.9906 	 0.0033 	 -0.1366
					-0.0305 	 0.9798 	 -0.1976
					0.1331 	 0.2 	 0.9707
					-0.9997 	 0.1537 	 2.0228
				}
				{VolumeView "turret.ply"}
				{bone revolute "gun_rot"
					{parameters "id=gun;"}
					{matrix34
						0.988 	 0.1363 	 -0.0729
						0.1267 	 -0.4436 	 0.8872
						0.0886 	 -0.8858 	 -0.4555
						0.1397 	 -0.0028 	 1.5149
					}
					{VolumeView "gun_rot.ply"}
					{bone "gun"
						{parameters "id=gun;"}
						{matrix34
							0.937 	 0.3209 	 -0.1379
							-0.3491 	 0.8736 	 -0.339
							0.0117 	 0.3658 	 0.9306
							-4.7063 	 0 	 0
						}
						{VolumeView "gun.ply"}
					}
				}
				{bone "shield"
					{parameters "id=shield;"}
					{matrix34
						0.9948 	 0.0236 	 -0.0991
						-0.0053 	 0.9834 	 0.1814
						0.1017 	 -0.18 	 0.9784
						-6.8214 	 -0.0597 	 2.9895
					}
					{VolumeView "shield.ply"}
				}
			}
			{bone revolute "wheell"
				{parameters "id=wheelleft;"}
				{matrix34
					0.9006 	 -0.3023 	 -0.3123
					-0.2045 	 0.3393 	 -0.9182
					0.3835 	 0.8908 	 0.2438
					0.0623 	 14.8037 	 0.2092
				}
				{VolumeView "wheell.ply"}
			}
		}
		{bone "part3"
			{parameters "id=body;"}
			{matrix34
				0.9945 	 0 	 0.1045
				0 	 1 	 0
				-0.1045 	 0 	 0.9945
				-1.3224 	 7.3934 	 7.2152
			}
			{VolumeView "part3.ply"}
		}
		{bone "part1"
			{parameters "id=shield_lower;"}
			{matrix34
				0.9945 	 0 	 0.1045
				0 	 1 	 0
				-0.1045 	 0 	 0.9945
				1.5144 	 -0.1246 	 6.1214
			}
			{VolumeView "part1.ply"}
		}
		{bone revolute "part2"
			{parameters "id=wheelright;"}
			{matrix34
				1 	 0 	 0
				0 	 0 	 -1
				0 	 1 	 0
				0.0451 	 -15.1067 	 7.754
			}
			{VolumeView "part2.ply"}
		}
	}
}
{obstacle "obstacle"
	{obb2
		{center 0.0286493 0.111255}
		{extent 7.89206 16.1101}
		{axis 1 0}
	}
	{rotate}
}
{volume "barrel1"
	{box 2.1288 1.90164 19.6128}
	{bone "gun_rot"}
	{matrix34
		0 	 0 	 -1
		0 	 1 	 0
		1 	 0 	 0
		4.5879 	 0.1311 	 0.033
	}
}
{volume "barrel2"
	{cylinder 1.56538 42.248}
	{bone "gun"}
	{matrix34
		0.2831 	 0.9588 	 0.0243
		0.0279 	 0.017 	 -0.9995
		-0.9587 	 0.2836 	 -0.0219
		6.7637 	 0.5682 	 0.1732
	}
}
{volume "body"
	{box 22.3304 3.74661 5.14999}
	{bone "body"}
	{matrix34
		0 	 -1 	 0
		0 	 0 	 1
		-1 	 0 	 0
		-1.2603 	 -0.1911 	 0.3565
	}
}
{volume "hole1"
	{box 2.15524 0.721393 7.45757}
	{bone "shield"}
	{matrix34
		0.0087 	 1 	 -0.0009
		-0.766 	 0.0061 	 -0.6428
		-0.6428 	 0.0063 	 0.766
		8.2774 	 -0.0234 	 1.3832
	}
}
{volume "hole2"
	{box 1.8248 0.721393 2.61015}
	{bone "shield"}
	{matrix34
		-0.0087 	 1 	 0.0009
		-0.766 	 -0.0061 	 -0.6428
		-0.6428 	 -0.0063 	 0.766
		2.9786 	 5.2398 	 7.955
	}
}
{volume "hole3"
	{box 8.03994 0.721393 1.51389}
	{bone "shield"}
	{matrix34
		0.0174 	 0.9998 	 -0.0018
		-0.7659 	 0.0121 	 -0.6428
		-0.6427 	 0.0126 	 0.766
		-0.3967 	 -2.9141 	 11.904
	}
}
{volume "part1"
	{box 0.760529 22.6139 3.85969}
	{bone "part1"}
	{matrix34
		0.9925 	 0.121 	 0.0182
		-0.1212 	 0.9925 	 0.0127
		-0.0165 	 -0.0149 	 0.9998
		0.9357 	 0.0457 	 -1.8566
	}
}
{volume "part2"
	{cylinder 7.98594 2.84467}
	{bone "part2"}
	{matrix34
		1 	 0 	 0
		0 	 -1 	 0
		0 	 0 	 -1
		-0.0787 	 -0.0036 	 0.0524
	}
}
{volume "part3"
	{cylinder 0.837552 42.6123}
	{bone "part3"}
	{matrix34
		-0.2891 	 -0.9553 	 0.0621
		0.001 	 0.0646 	 0.9979
		-0.9573 	 0.2886 	 -0.0177
		-21.1419 	 6.3472 	 -0.1707
	}
}
{volume "shield1"
	{box 0.177165 14.0643 19.9036}
	{bone "shield"}
	{matrix34
		0.7659 	 -0.0121 	 0.6428
		0.0174 	 0.9998 	 -0.0018
		-0.6427 	 0.0126 	 0.766
		5.6202 	 0.0285 	 4.6141
	}
}
{volume "shield2"
	{polyhedron "shield2.vol"}
	{bone "shield"}
	{matrix34
		-0.5314 	 0.7611 	 -0.3719
		-0.6526 	 -0.6478 	 -0.3932
		-0.5402 	 0.0338 	 0.8409
		7.9972 	 -8.5323 	 -1.0683
	}
}
{volume "shield3"
	{polyhedron "shield3.vol"}
	{bone "shield"}
	{matrix34
		0.5939 	 0.6419 	 0.485
		-0.5238 	 0.7661 	 -0.3725
		-0.6107 	 -0.0328 	 0.7912
		7.9994 	 9.3058 	 -1.5402
	}
}
{volume "standr"
	{cylinder 1.32333 32.3854}
	{bone "standr"}
	{matrix34
		0.254 	 -0.9597 	 0.1199
		0.078 	 0.1439 	 0.9865
		-0.9641 	 -0.2412 	 0.1114
		-16.8347 	 -4.2273 	 0.8542
	}
}
{volume "wheelleft"
	{cylinder 7.98594 2.84467}
	{bone "wheell"}
	{matrix34
		1 	 0 	 0
		0 	 -1 	 0
		0 	 0 	 -1
		-0.0623 	 -0.0037 	 -0.0686
	}
}
