;Exported by:	 guita
;Date:			 17.10.2020 16:11:45
;File:			 D:\Git\3D_Scenes\GoH_3D_vehicles_rus\vehicles\cannon\76mm_1902_30\76mm_m1902_xx.max
{skeleton
	{bone revolute "basis"
		{orientation
			1 	 0 	 0
			0 	 -1 	 0
			0 	 0 	 1
		}
		{bone "part4"
			{parameters "id=shield;"}
			{matrix34
				0.9856 	 -0.056 	 0.1596
				0.0393 	 0.9936 	 0.1062
				-0.1645 	 -0.0984 	 0.9815
				0.6695 	 -0.074 	 20.0376
			}
			{VolumeView "part4.ply"}
		}
		{bone revolute "part3"
			{parameters "id=wheelleft;"}
			{matrix34
				0.9927 	 -0.1148 	 0.0372
				0.0479 	 0.0919 	 -0.9946
				0.1108 	 0.9891 	 0.0968
				-0.0712 	 16.9285 	 13.1975
			}
			{VolumeView "part3.ply"}
		}
		{bone revolute "part2"
			{parameters "id=wheelright;"}
			{matrix34
				0.9619 	 -0.2684 	 0.0511
				0.1425 	 0.3331 	 -0.9321
				0.2331 	 0.9039 	 0.3587
				-0.0712 	 -18.443 	 13.1975
			}
			{VolumeView "part2.ply"}
		}
		{bone "part1"
			{parameters "id=shield_lower;"}
			{matrix34
				0.9705 	 0.1356 	 -0.1991
				-0.175 	 0.9649 	 -0.196
				0.1656 	 0.225 	 0.9602
				1.0538 	 -0.3135 	 6.0657
			}
			{VolumeView "part1.ply"}
		}
		{bone "body"
			{parameters "id=body;"}
			{Position -0.0787 	 -0.0706 	 8.8788}
			{VolumeView "body.ply"}
			{bone revolute "turret"
				{parameters "id=body;"}
				{matrix34
					0.9997 	 0.0262 	 0
					-0.0257 	 0.9813 	 0.1908
					0.005 	 -0.1907 	 0.9816
					-54.7781 	 0 	 -8.8788
				}
				{VolumeView "turret.ply"}
				{bone revolute "gun_rot"
					{parameters "id=gun;"}
					{matrix34
						0.9886 	 0.1203 	 0.0907
						-0.0783 	 -0.1044 	 0.9915
						0.1287 	 -0.9872 	 -0.0938
						57.0623 	 0.6317 	 14.6652
					}
					{VolumeView "gun_rot.ply"}
					{bone "gun"
						{parameters "id=gun;"}
						{matrix34
							1 	 0 	 0
							0 	 0 	 -1
							0 	 1 	 0
							1.0254 	 2.1266 	 1.1287
						}
						{VolumeView "gun.ply"}
						{bone "breech"
							{parameters "id=gun;"}
							{matrix34
								0.9367 	 0.3502 	 0
								-0.3502 	 0.9367 	 0
								0 	 0 	 1
								-21.5175 	 -2.1102 	 2.7468
							}
							{VolumeView "breech.ply"}
						}
					}
					{bone "sight"
						{parameters "id=gun;"}
						{matrix34
							1 	 0 	 0
							0 	 0 	 -1
							0 	 1 	 0
							-2.2842 	 -14.6652 	 0.6317
						}
						{VolumeView "sight.ply"}
					}
				}
				{bone "shield1"
					{parameters "id=shield1;"}
					{Position 50.2001 	 -0.1763 	 16.414}
					{VolumeView "shield1.ply"}
				}
			}
		}
	}
}
{obstacle "obstacle"
	{obb2
		{center 0.00754547 -1.90735e-006}
		{extent 13.1103 16.0105}
		{axis 1 0}
	}
	{rotate}
}
{obstacle "obstacle1"
	{obb2
		{center -32.1585 -0.00055337}
		{extent 19.0558 2.9949}
		{axis 1 0}
	}
	{rotate}
}
{volume "barrel1"
	{cylinder 1.99797 36.0122}
	{bone "gun_rot"}
	{matrix34
		0 	 0 	 -1
		0 	 1 	 0
		1 	 0 	 0
		2.1589 	 -0.0761 	 0.6145
	}
}
{volume "barrel2"
	{cylinder 1.7731 45.2756}
	{bone "gun"}
	{matrix34
		0 	 1 	 0
		0 	 0 	 1
		1 	 0 	 0
		0.2503 	 0.5143 	 1.4923
	}
}
{volume "body"
	{box 50.8842 4.83743 7.90768}
	{bone "body"}
	{matrix34
		-0.999 	 0 	 -0.0436
		-0.0436 	 0 	 0.999
		0 	 1 	 0
		-27.3981 	 0.1326 	 -2.5491
	}
}
{volume "hole1"
	{box 13.3116 1.84417 15.4588}
	{bone "part4"}
	{matrix34
		-0.0094 	 0.9999 	 -0.0104
		-0.9999 	 -0.0094 	 -0.0044
		-0.0045 	 0.0104 	 0.9999
		1.8081 	 0.0251 	 -4.2545
	}
}
{volume "hole2"
	{box 1.51193 1.78791 0.991956}
	{bone "shield1"}
	{matrix34
		0 	 1 	 0
		0.2756 	 0 	 0.9613
		0.9613 	 0 	 -0.2756
		4.7046 	 3.5866 	 5.5251
	}
}
{volume "part1"
	{box 25.3647 3.40356 0.729336}
	{bone "part1"}
	{matrix34
		0 	 1 	 0
		0 	 0 	 1
		1 	 0 	 0
		-0.2533 	 0.1514 	 -1.7242
	}
}
{volume "part2"
	{cylinder 13.1121 1.77636}
	{bone "part2"}
	{matrix34
		-1 	 0 	 0
		0 	 -1 	 0
		0 	 0 	 1
		0.042 	 0.021 	 0.4324
	}
}
{volume "part3"
	{cylinder 13.1121 1.77636}
	{bone "part3"}
	{matrix34
		-1 	 0 	 0
		0 	 -1 	 0
		0 	 0 	 1
		0.042 	 0.021 	 -0.4284
	}
}
{volume "part4"
	{box 27.2285 23.5008 1.14019}
	{bone "part4"}
	{matrix34
		0 	 1 	 0
		0 	 0 	 1
		1 	 0 	 0
		1.8024 	 -0.5669 	 -0.1385
	}
}
{volume "shield1"
	{box 19.1262 16.0194 0.776699}
	{bone "shield1"}
	{matrix34
		0.0305 	 0.9986 	 0.0436
		0.2087 	 -0.049 	 0.9768
		0.9775 	 -0.0207 	 -0.2099
		3.2717 	 -0.0011 	 -0.81
	}
}
