;Exported by:	 guita
;Date:			 31.10.2023 14:14:12
;File:			 D:\Git\3D_Scenes\GoH_3D_vehicles_rus_updated\vehicles\cannon\M30_rocket_launcher\M30.max
{skeleton
	{animation
		{sequence "close" {speed 0.8}}
	}
	{bone revolute "basis"
		{speed 0.002}
		{orientation
			1 	 0 	 0
			0 	 -1 	 0
			0 	 0 	 1
		}
		{bone "body"
			{parameters "id=body;"}
			{animation
				{sequence "repair" {file "body_r.anm"}{speed 0.7}}
			}
			{Position 11.2895 	 -0.0005 	 25.0461}
			{VolumeView "body.ply"}
			{bone "gun"
				{parameters "id=body;"}
				{Position -7.1171 	 0.0005 	 -1.2082}
				{VolumeView "gun.ply"}
				{bone revolute "foresight"
					{matrix34
						0.682 	 0 	 0.7314
						0.7314 	 0 	 -0.682
						0 	 1 	 0
						18.8877 	 -0.0756 	 16.4627
					}
				}
				{bone "shooter00"
					{matrix34
						0.7681 	 0 	 0.6404
						0 	 1 	 0
						-0.6404 	 0 	 0.7681
						-16.296 	 13.2664 	 -13.6078
					}
					{bone "rocket00"
						{matrix34
							1 	 0 	 0.0052
							0 	 1 	 0
							-0.0052 	 0 	 1
							17.0784 	 -0.0199 	 -0.0134
						}
						{VolumeView "rocket00.ply"}
					}
				}
				{bone "shooter01"
					{matrix34
						0.7681 	 0 	 0.6404
						0 	 1 	 0
						-0.6404 	 0 	 0.7681
						-16.296 	 4.4424 	 -13.6078
					}
					{bone "rocket01"
						{matrix34
							1 	 0 	 0.0052
							0 	 1 	 0
							-0.0052 	 0 	 1
							17.0784 	 -0.016 	 -0.0134
						}
						{VolumeView "rocket01.ply"}
					}
				}
				{bone "shooter02"
					{matrix34
						0.7681 	 0 	 0.6404
						0 	 1 	 0
						-0.6404 	 0 	 0.7681
						-16.296 	 -4.4663 	 -13.6078
					}
					{bone "rocket02"
						{matrix34
							1 	 0 	 0.0052
							0 	 1 	 0
							-0.0052 	 0 	 1
							17.0784 	 -0.0161 	 -0.0134
						}
						{VolumeView "rocket02.ply"}
					}
				}
				{bone "shooter03"
					{matrix34
						0.7681 	 0 	 0.6404
						0 	 1 	 0
						-0.6404 	 0 	 0.7681
						-16.296 	 -13.2905 	 -13.6078
					}
					{bone "rocket03"
						{matrix34
							1 	 0 	 0.0052
							0 	 1 	 0
							-0.0052 	 0 	 1
							17.0784 	 -0.0158 	 -0.0134
						}
						{VolumeView "rocket03.ply"}
					}
				}
			}
			{bone "stand"
				{parameters "id=body;"}
				{Position -0.0299 	 18.9065 	 -0.2492}
				{VolumeView "stand.ply"}
			}
			{bone "support1"
				{Position 9.7969 	 18.8094 	 -25.0092}
			}
			{bone "support2"
				{Position 9.8004 	 -18.9557 	 -25.0092}
			}
			{bone "handle1"
				{matrix34
					0.1029 	 0.9947 	 0.0054
					-0.9933 	 0.103 	 -0.0521
					-0.0523 	 0 	 0.9986
					-11.2302 	 5.3119 	 -24.8598
				}
			}
			{bone "handle2"
				{matrix34
					0.0383 	 -0.9993 	 0.002
					0.9979 	 0.0383 	 0.0523
					-0.0523 	 0 	 0.9986
					-11.1392 	 -4.5834 	 -24.855
				}
			}
			{bone "support3"
				{matrix34
					0.9986 	 0 	 0.0523
					0 	 1 	 0
					-0.0523 	 0 	 0.9986
					-26.6744 	 0.2516 	 -24.8423
				}
			}
			{bone "visor"
				{Position 15.8001 	 26.4475 	 9.2896}
			}
			{bone "fixer_x4"
				{parameters "id=body;"}
				{Position -12.3918 	 0 	 -11.1456}
				{VolumeView "fixer_x4.ply"}
			}
			{bone "visor2"
				{Position 15.8008 	 -28.1219 	 9.2895}
			}
		}
		{bone "sandbag"
			{Position 22.5109 	 0 	 0}
		}
		{bone "emit1"
			{parameters "group=crew;"}
			{matrix34
				0.9063 	 -0.4226 	 0
				0.4226 	 0.9063 	 0
				0 	 0 	 1
				-38.0901 	 32.0841 	 0.4289
			}
			{visibility 0}
		}
		{bone "emit2"
			{parameters "group=crew;"}
			{matrix34
				0.9063 	 0.4226 	 0
				-0.4226 	 0.9063 	 0
				0 	 0 	 1
				-41.7008 	 -34.3228 	 0.4289
			}
			{visibility 0}
		}
		{bone "emit3"
			{parameters "group=crew;"}
			{matrix34
				0.9063 	 0.4226 	 0
				-0.4226 	 0.9063 	 0
				0 	 0 	 1
				11.4923 	 -34.2974 	 0.4289
			}
			{visibility 0}
		}
		{bone "emit4"
			{parameters "group=crew;"}
			{matrix34
				0.9703 	 -0.2419 	 0
				0.2419 	 0.9703 	 0
				0 	 0 	 1
				13.1779 	 34.3441 	 0.4289
			}
			{visibility 0}
		}
		{bone "driver1"
			{Position -25.5622 	 24.0593 	 0}
		}
		{bone "driver2"
			{Position -27.4628 	 -24.7003 	 0}
		}
		{bone "driver3"
			{matrix34
				0.9945 	 0.1045 	 0
				-0.1045 	 0.9945 	 0
				0 	 0 	 1
				22.6745 	 -21.9903 	 0
			}
		}
		{bone "driver4"
			{matrix34
				0.9976 	 -0.0698 	 0
				0.0698 	 0.9976 	 0
				0 	 0 	 1
				23.3171 	 22.6845 	 0
			}
		}
		{bone "gunner"
			{matrix34
				1 	 0 	 0
				0 	 1 	 0
				0 	 0 	 1
				-39.4247 	 20.5112 	 0
			}
		}
		{bone "charger"
			{Position -30.2333 	 -34.8655 	 0}
		}
		{bone "commander"
			{matrix34
				1 	 0 	 0
				0 	 1 	 0
				0 	 0 	 1
				23.6385 	 34.7973 	 0
			}
		}
		{bone "charger2"
			{Position 17.2839 	 -39.5951 	 0}
		}
	}
}
{obstacle "close"
	{polygon2
		{radius 0}
		{vertex 15.3534 -18.6271}
		{vertex 15.3534 18.2821}
		{vertex -24.5847 18.282}
		{vertex -24.4114 -18.6581}
	}
	{Tags "close"}
	{rotate}
}
{obstacle "open"
	{polygon2
		{radius 0}
		{vertex 15.3534 -18.6271}
		{vertex 15.3534 18.2821}
		{vertex -24.5847 18.282}
		{vertex -24.4114 -18.6581}
	}
	{Tags "open"}
	{rotate}
}
{volume "body1"
	{box 44.1391 35.8558 2.03913}
	{bone "body"}
	{matrix34
		0.766 	 0 	 0.6428
		0 	 -1 	 0
		0.6428 	 0 	 -0.766
		-11.2558 	 0.001 	 -9.4595
	}
}
{volume "body2"
	{box 1.68684 31.912 1.65122}
	{bone "stand"}
	{matrix34
		0.9205 	 0 	 0.3907
		-0.3907 	 0 	 0.9205
		0 	 -1 	 0
		4.2404 	 -37.7949 	 -10.0789
	}
}
{volume "body3"
	{box 1.68684 36.3797 1.65122}
	{bone "stand"}
	{matrix34
		0.9205 	 0 	 0.3907
		0 	 -1 	 0
		0.3907 	 0 	 -0.9205
		4.563 	 -18.9055 	 -10.8389
	}
}
{volume "body4"
	{box 1.68684 36.3797 1.65122}
	{bone "stand"}
	{matrix34
		0.9205 	 0 	 0.3907
		0 	 -1 	 0
		0.3907 	 0 	 -0.9205
		8.8202 	 -18.9055 	 -20.9145
	}
}
{volume "body5"
	{box 1.68684 31.912 1.65122}
	{bone "stand"}
	{matrix34
		0.9205 	 0 	 0.3907
		-0.3907 	 0 	 0.9205
		0 	 -1 	 0
		4.2404 	 -0.0088 	 -10.0789
	}
}
{volume "body6"
	{box 42.1036 8.50169 35.6088}
	{bone "gun"}
	{matrix34
		0.766 	 0 	 0.6428
		-0.6428 	 0 	 0.766
		0 	 -1 	 0
		-0.1523 	 -0.1477 	 -0.0572
	}
}
{volume "select"
	{box 42.3449 44.6233 49.6904}
	{bone "basis"}
	{Position 2.6884 	 -0.2154 	 24.8452}
}
