;Exported by:	 guita
;Date:			 23.08.2022 11:32:40
;File:			 D:\Git\3D_Scenes\GoH_3D_vehicles_ger\vehicles\cannon\88mm_pak4341\Pak_43_41.max
{skeleton
	{animation
		{sequence "recoil" {speed 0.5}}
		{sequence "close" {speed 0.4}}
		{sequence "aim_v" {speed 1}{resume}}
		{sequence "aim_h" {speed 1}{resume}}
		{sequence "shell_eject" {speed 0.6}}
	}
	{bone revolute "basis"
		{parameters "wheelradius=0.625;"}
		{orientation
			1 	 0 	 0
			0 	 -1 	 0
			0 	 0 	 1
		}
		{bone "body"
			{parameters "id=body;"}
			{animation
				{sequence "repair" {file "body_r.anm"}{speed 0.7}}
			}
			{Position 0 	 -0.0192 	 12.2839}
			{VolumeView "body.ply"}
			{bone revolute "turret"
				{parameters "id=body;"}
				{limits -28 28}
				{speed 0.006}
				{Position -2.1445 	 0.0276 	 4.1754}
				{VolumeView "turret.ply"}
				{bone revolute "gun_rot"
					{parameters "id=gun;"}
					{animation
						{sequence "repair" {file "gun_r.anm"}{speed 0.7}}
					}
					{limits -5 38}
					{speed 0.007}
					{matrix34
						1 	 0 	 0
						0 	 0 	 1
						0 	 -1 	 0
						-2.5247 	 0.0003 	 11.6899
					}
					{VolumeView "gun_rot.ply"}
					{bone "gun"
						{parameters "id=gun;"}
						{matrix34
							1 	 0 	 0
							0 	 0 	 -1
							0 	 1 	 0
							-9.2725 	 -2.5178 	 -1.3813
						}
						{VolumeView "gun.ply"}
						{bone "lever"
							{parameters "id=body;"}
							{matrix34
								0.9976 	 -0.0698 	 0
								0.0698 	 0.9976 	 0
								0 	 0 	 1
								-14.5411 	 0.688 	 3.9338
							}
							{VolumeView "lever.ply"}
						}
						{bone "breech"
							{parameters "id=gun;"}
							{Position -11.4086 	 0.825 	 -0.19}
							{VolumeView "breech.ply"}
						}
						{bone "foresight1"
							{Position 115.95 	 -1.3898 	 -0.003}
						}
						{bone "fx_invers"
							{matrix34
								-1 	 0 	 0
								0 	 -1 	 0
								0 	 0 	 1
								-15.0448 	 -1.4837 	 -0.0629
							}
						}
					}
				}
				{bone "shield1"
					{parameters "id=shield1;"}
					{Position -1.5813 	 0.0334 	 9.8593}
					{VolumeView "shield1.ply"}
				}
				{bone "aim_ver1"
					{parameters "id=body;"}
					{Position -4.7229 	 8.1111 	 2.9233}
					{VolumeView "aim_ver1.ply"}
				}
				{bone "aim_ver2"
					{parameters "id=body;"}
					{Position -4.4044 	 -8.845 	 3.2315}
					{VolumeView "aim_ver2.ply"}
				}
				{bone "aim_hor"
					{parameters "id=body;"}
					{matrix34
						0.9051 	 -0.4252 	 0
						0.4106 	 0.8741 	 0.2594
						-0.1103 	 -0.2348 	 0.9658
						-5.2164 	 6.1128 	 -0.0417
					}
					{VolumeView "aim_hor.ply"}
				}
				{bone "visor"
					{Position 4.2723 	 7.8419 	 14.189}
				}
			}
			{bone "standl"
				{parameters "id=body;"}
				{Position -7.0232 	 8.3342 	 -1.0292}
				{VolumeView "standl.ply"}
				{bone "spadel"
					{parameters "id=body;"}
					{matrix34
						0.7805 	 -0.6251 	 0
						0.6251 	 0.7805 	 0
						0 	 0 	 1
						-40.7547 	 32.9329 	 -4.4218
					}
					{VolumeView "spadel.ply"}
				}
				{bone "seat1"
					{matrix34
						0.5741 	 0.8187 	 -0.0097
						-0.8116 	 0.5675 	 -0.1388
						-0.1082 	 0.0876 	 0.9903
						-18.331 	 16.2693 	 -11.8008
					}
				}
				{bone "seat4"
					{matrix34
						0.5599 	 0.8285 	 -0.0121
						-0.8215 	 0.5531 	 -0.1386
						-0.1082 	 0.0876 	 0.9903
						-31.3777 	 25.9308 	 -14.6355
					}
				}
			}
			{bone "standr"
				{parameters "id=body;"}
				{Position -7.1193 	 -8.4233 	 -1.2888}
				{VolumeView "standr.ply"}
				{bone "spader"
					{parameters "id=body;"}
					{matrix34
						0.7776 	 0.6288 	 0
						-0.6288 	 0.7776 	 0
						0 	 0 	 1
						-40.6356 	 -33.0255 	 -4.1355
					}
					{VolumeView "spader.ply"}
				}
				{bone "seat3"
					{matrix34
						0.5161 	 -0.8563 	 -0.0194
						0.8497 	 0.509 	 0.1378
						-0.1082 	 -0.0876 	 0.9903
						-31.6752 	 -27.3841 	 -14.2416
					}
				}
				{bone "seat2"
					{matrix34
						0.5308 	 -0.8473 	 -0.017
						0.8405 	 0.5238 	 0.1381
						-0.1082 	 -0.0876 	 0.9903
						-17.9397 	 -17.5042 	 -11.5182
					}
				}
			}
			{bone "holder"
				{parameters "id=body;"}
				{matrix34
					-0.0698 	 0 	 -0.9976
					0 	 1 	 0
					0.9976 	 0 	 -0.0698
					12.4059 	 -0.0187 	 -1.4228
				}
				{VolumeView "holder.ply"}
			}
			{bone "visor2"
				{Position -16.3928 	 -10.933 	 8.9466}
			}
		}
		{bone "pivot_front"
			{Position 0.0013 	 0 	 11.2957}
			{bone prizmatic "suspension_r1"
				{limits -0.05 0.05}
				{speed 0.15}
				{Position 0.1188 	 -18.5222 	 -0.0094}
				{bone revolute "wheelr"
					{parameters "id=wheelright;"}
					{matrix34
						-0.6157 	 0 	 0.788
						0.788 	 0 	 0.6157
						0 	 1 	 0
						0.0079 	 -1.4528 	 0.9875
					}
					{VolumeView "wheelr.ply"}
				}
			}
			{bone prizmatic "suspension_l1"
				{limits -0.05 0.05}
				{speed 0.15}
				{Position 0.1188 	 18.3937 	 -0.0094}
				{bone revolute "wheell"
					{parameters "id=wheelleft;"}
					{matrix34
						1 	 0 	 0
						0 	 0 	 -1
						0 	 1 	 0
						0.0079 	 1.4045 	 0.9875
					}
					{VolumeView "wheell.ply"}
				}
			}
			{bone "fxtracer1"
				{matrix34
					1 	 0.0035 	 0
					-0.0035 	 1 	 0
					0 	 0 	 1
					-0.0005 	 -17.8336 	 -11.2948
				}
			}
			{bone "fxtracel1"
				{Position -0.0005 	 16.3266 	 -11.2948}
			}
			{bone "susp"
				{parameters "id=body;"}
				{Position -0.0013 	 -0.0192 	 0.9882}
				{VolumeView "susp.ply"}
			}
		}
		{bone "charger"
			{Position -40.981 	 -11.8121 	 0}
		}
		{bone "charger2"
			{Position -58.2096 	 -20.2572 	 0}
		}
		{bone "commander"
			{Position -58.2096 	 20.6242 	 0}
		}
		{bone "gunner"
			{Position -36.8047 	 11.445 	 0}
		}
		{bone "emit1"
			{Position -37.928 	 12.3602 	 0}
		}
		{bone "emit2"
			{Position -54.9961 	 18.932 	 0}
		}
		{bone "emit3"
			{Position -37.7594 	 -13.5011 	 0}
		}
		{bone "emit4"
			{matrix34
				0.9205 	 0.3907 	 0
				-0.3907 	 0.9205 	 0
				0 	 0 	 1
				-54.5639 	 -17.7911 	 0.2216
			}
		}
		{bone "driver1"
			{Position -23.5087 	 18.1731 	 0.0408}
		}
		{bone "driver2"
			{Position -22.5798 	 -17.9487 	 0.0408}
		}
		{bone "driver3"
			{Position -81.5604 	 -0.0424 	 0}
		}
		{bone "driver4"
			{Position -69.5887 	 9.0788 	 0.0408}
		}
		{bone "link1"
			{matrix34
				-1 	 0 	 0
				0 	 -1 	 0
				0 	 0 	 1
				-75.2016 	 0.0165 	 13.5581
			}
		}
	}
}
{obstacle "close"
	{obb2
		{center -38.4839 0.018918}
		{extent 27.9582 9.97026}
		{axis 1 0}
	}
	{rotate}
	{Tags "close"}
}
{obstacle "obstacle"
	{obb2
		{center 0.12802 0.163593}
		{extent 12.3031 23.2506}
		{axis 1 0}
	}
	{rotate}
}
{obstacle "openl"
	{obb2
		{center -31.0995 -27.8973}
		{extent 27.951 1.76837}
		{axis 0.777363 0.629052}
	}
	{rotate}
	{Tags "open"}
}
{obstacle "openr"
	{obb2
		{center -30.0034 27.3111}
		{extent 1.66916 29.2844}
		{axis 0.629671 0.776862}
	}
	{rotate}
	{Tags "open"}
}
{volume "barrel1"
	{box 57.5941 3.38547 4.11239}
	{bone "gun_rot"}
	{Position 0.9144 	 -8.1455 	 0.0615}
}
{volume "barrel2"
	{cylinder 1.4842 14.2105}
	{bone "gun_rot"}
	{matrix34
		0 	 0 	 1
		0 	 1 	 0
		-1 	 0 	 0
		0.6914 	 2.8547 	 0.0087
	}
}
{volume "barrel3"
	{cylinder 2.53043 113.034}
	{bone "gun"}
	{matrix34
		0 	 1 	 0
		0 	 0 	 1
		1 	 0 	 0
		53.3107 	 -1.3936 	 0.002
	}
}
{volume "barrel4"
	{box 11.8671 7.39906 6.94474}
	{bone "gun"}
	{matrix34
		1 	 0 	 0
		0 	 0 	 1
		0 	 -1 	 0
		-9.1112 	 -1.4542 	 -0.3386
	}
}
{volume "body1"
	{polyhedron "body1.vol"}
	{bone "body"}
	{Position 1.4104 	 0.0359 	 -0.5393}
}
{volume "body2"
	{cylinder 1.23373 15.803}
	{bone "turret"}
	{matrix34
		0.9537 	 0 	 0.3007
		0 	 1 	 0
		-0.3007 	 0 	 0.9537
		5.9038 	 3.8915 	 7.2248
	}
}
{volume "body3"
	{cylinder 1.15072 15.8014}
	{bone "turret"}
	{matrix34
		0.9537 	 0 	 0.3007
		0 	 1 	 0
		-0.3007 	 0 	 0.9537
		5.9752 	 -3.9108 	 7.2241
	}
}
{volume "body4"
	{polyhedron "body4.vol"}
	{bone "turret"}
	{Position 0.9236 	 0.0101 	 5.5586}
}
{volume "body5"
	{box 6.89488 3.28007 11.5511}
	{bone "turret"}
	{matrix34
		1 	 0 	 0
		0 	 0 	 1
		0 	 -1 	 0
		8.869 	 -0.0151 	 0.8693
	}
}
{volume "hole1"
	{polyhedron "hole1.vol"}
	{bone "turret"}
	{Position 4.0463 	 0.0387 	 4.9713}
}
{volume "select"
	{box 36.7974 44.4434 33.2472}
	{bone "basis"}
	{Position -6.5036 	 0.1514 	 16.6236}
}
{volume "shield1a"
	{polyhedron "shield1a.vol"}
	{bone "shield1"}
	{Position 7.2993 	 6.3422 	 0.3921}
}
{volume "shield1b"
	{polyhedron "shield1b.vol"}
	{bone "shield1"}
	{Position 7.2993 	 -6.3299 	 0.3921}
}
{volume "shield2"
	{box 6.27504 15.3566 0.426335}
	{bone "gun_rot"}
	{matrix34
		0 	 0 	 1
		-0.5878 	 0.809 	 0
		-0.809 	 -0.5878 	 0
		8.3927 	 4.5163 	 0.0149
	}
}
{volume "shield3"
	{box 7.06515 4.88483 0.236865}
	{bone "gun_rot"}
	{matrix34
		0 	 0 	 1
		-0.0698 	 0.9976 	 0
		-0.9976 	 -0.0698 	 0
		17.2295 	 -10.3132 	 -0.0643
	}
}
{volume "shield4"
	{polyhedron "shield4.vol"}
	{bone "body"}
	{Position 11.5493 	 -0.0465 	 -1.7028}
}
{volume "standl"
	{box 60.4523 4.72473 3.32322}
	{bone "standl"}
	{matrix34
		0.7653 	 -0.6198 	 0.1736
		-0.135 	 0.1093 	 0.9848
		-0.6293 	 -0.7771 	 0
		-22.3106 	 18.1616 	 -4.1598
	}
}
{volume "standr"
	{box 60.2425 4.72473 3.32322}
	{bone "standr"}
	{matrix34
		0.7653 	 0.6198 	 0.1736
		-0.1349 	 -0.1093 	 0.9848
		0.6293 	 -0.7771 	 0
		-22.2576 	 -18.3819 	 -3.9146
	}
}
{volume "wheelleft"
	{cylinder 12.3031 6.92044}
	{bone "wheell"}
	{matrix34
		-1 	 0 	 0
		0 	 -1 	 0
		0 	 0 	 1
		0 	 0 	 -0.1714
	}
}
{volume "wheelright"
	{cylinder 12.3031 7.07531}
	{bone "wheelr"}
	{matrix34
		0.6157 	 -0.788 	 0
		0.788 	 0.6157 	 0
		0 	 0 	 1
		0 	 0 	 0.0985
	}
}
