;Exported by:	 guita
;Date:			 17.02.2022 18:45:06
;File:			 D:\Git\3D_Scenes\GoH_3D_vehicles_ger\vehicles\cannon\sig33\150mm_sig33.max
{skeleton
	{animation
		{sequence "recoil" {speed 0.9}}
		{sequence "close" {speed 0.2}}
		{sequence "aim_v" {speed 0.3}{resume}}
		{sequence "aim_h" {speed 0.3}{resume}}
	}
	{bone revolute "basis"
		{parameters "wheelradius=0.6;"}
		{orientation
			1 	 0 	 0
			0 	 -1 	 0
			0 	 0 	 1
		}
		{bone "link1"
			{Position -54.0475 	 0 	 11.2008}
		}
		{bone "body"
			{parameters "id=body;"}
			{animation
				{sequence "repair" {file "body_r.anm"}{speed 0.6}}
			}
			{Position -0.0139 	 0.0121 	 11.3738}
			{VolumeView "body.ply"}
			{bone "visor"
				{Position 3.0362 	 7.6463 	 20.5631}
			}
			{bone "shield"
				{parameters "id=shield;"}
				{matrix34
					0.9945 	 0 	 0.1045
					0 	 1 	 0
					-0.1045 	 0 	 0.9945
					6.0351 	 -0.0058 	 13.2239
				}
				{VolumeView "shield.ply"}
				{bone "detail1"
					{parameters "id=shield;"}
					{matrix34
						0.9945 	 0 	 -0.1045
						0 	 1 	 0
						0.1045 	 0 	 0.9945
						0.5223 	 5.2633 	 1.5398
					}
					{VolumeView "detail1.ply"}
				}
				{bone "detail2"
					{parameters "id=shield;"}
					{matrix34
						0 	 -1 	 0
						0.4226 	 0 	 -0.9063
						0.9063 	 0 	 0.4226
						1.9837 	 -6.4903 	 -1.5653
					}
					{VolumeView "detail2.ply"}
				}
				{bone "detail3"
					{parameters "id=shield;"}
					{matrix34
						0 	 -1 	 0
						0.4226 	 0 	 -0.9063
						0.9063 	 0 	 0.4226
						1.392 	 -10.8715 	 -0.412
					}
					{VolumeView "detail3.ply"}
				}
			}
			{bone "pivot_front"
				{parameters "id=body;"}
				{matrix34
					0.9945 	 0 	 0.1045
					0 	 1 	 0
					-0.1045 	 0 	 0.9945
					0 	 0 	 0
				}
				{VolumeView "pivot_front.ply"}
				{bone revolute "wheelr"
					{parameters "id=wheelright;"}
					{matrix34
						0.9945 	 0 	 -0.1045
						-0.1045 	 0 	 -0.9945
						0 	 1 	 0
						0 	 -16.9584 	 0
					}
					{VolumeView "wheelr.ply"}
				}
				{bone revolute "wheell"
					{parameters "id=wheelleft;"}
					{matrix34
						0.9946 	 0 	 -0.1039
						-0.1039 	 0 	 -0.9946
						0 	 1 	 0
						0 	 16.9472 	 0
					}
					{VolumeView "wheell.ply"}
				}
				{bone "fxtracel1"
					{matrix34
						-0.9945 	 0.0055 	 0.1045
						-0.0055 	 -1 	 0
						0.1045 	 -0.0006 	 0.9945
						-1.1708 	 17.118 	 -11.139
					}
				}
				{bone "fxtracer1"
					{matrix34
						-0.9945 	 0.0055 	 0.1045
						-0.0055 	 -1 	 0
						0.1045 	 -0.0006 	 0.9945
						-1.1671 	 -16.9833 	 -11.1038
					}
				}
			}
			{bone revolute "turret"
				{Position -7.319 	 -0.0121 	 9.5061}
				{bone revolute "gun_rot"
					{parameters "id=gun;"}
					{animation
						{sequence "repair" {file "gun_r.anm"}{speed 0.6}}
					}
					{matrix34
						1 	 0 	 0
						0 	 0 	 1
						0 	 -1 	 0
						-0.1468 	 0.9452 	 3.5378
					}
					{VolumeView "gun_rot.ply"}
					{bone "gun_rot1"
						{parameters "id=gun;"}
						{matrix34
							1 	 0 	 0
							0 	 0 	 -1
							0 	 1 	 0
							0.1468 	 -3.5377 	 0
						}
						{VolumeView "gun_rot1.ply"}
						{bone "gun"
							{parameters "id=gun;"}
							{Position 19.2915 	 -0.9385 	 3.7172}
							{VolumeView "gun.ply"}
							{bone "fx_invers"
								{matrix34
									-1 	 -0.0026 	 -0.001
									0.0026 	 -1 	 0
									-0.001 	 0 	 1
									-16.2351 	 -0.0585 	 0.457
								}
							}
						}
						{bone "foresight1"
							{Position 36.6382 	 -0.9418 	 3.7064}
						}
					}
				}
			}
			{bone "aim_wheel1"
				{parameters "id=body;"}
				{matrix34
					0.9945 	 0 	 0.1045
					0 	 1 	 0
					-0.1045 	 0 	 0.9945
					-17.1312 	 8.941 	 1.5568
				}
				{VolumeView "aim_wheel1.ply"}
			}
			{bone "aim_wheel2"
				{parameters "id=body;"}
				{matrix34
					0.9945 	 0 	 0.1045
					0 	 1 	 0
					-0.1045 	 0 	 0.9945
					-17.1312 	 -9.006 	 1.5568
				}
				{VolumeView "aim_wheel2.ply"}
			}
		}
		{bone "commander"
			{Position -43.8536 	 17.9473 	 0.0408}
		}
		{bone "charger2"
			{matrix34
				0.9205 	 0.3907 	 0
				-0.3907 	 0.9205 	 0
				0 	 0 	 1
				-47.8998 	 -13.265 	 0.2623
			}
		}
		{bone "charger"
			{Position -28.3665 	 -11.2571 	 0.0408}
		}
		{bone "driver1"
			{parameters "group=commander;"}
			{matrix34
				0.9825 	 -0.1862 	 0
				0.1862 	 0.9825 	 0
				0 	 0 	 1
				-13.4219 	 10.2934 	 0.0408
			}
		}
		{bone "driver2"
			{matrix34
				0.98 	 0.1992 	 0
				-0.1992 	 0.98 	 0
				0 	 0 	 1
				-16.3937 	 -14.9533 	 0.0408
			}
		}
		{bone "driver3"
			{Position -57.0317 	 6.7465 	 0}
		}
		{bone "driver4"
			{Position -56.8435 	 -6.898 	 0.0408}
		}
		{bone "emit1"
			{matrix34
				0 	 -1 	 0
				1 	 0 	 0
				0 	 0 	 1
				-15.5756 	 18.0538 	 0
			}
		}
		{bone "emit2"
			{parameters "group=gunner;"}
			{matrix34
				0 	 1 	 0
				-1 	 0 	 0
				0 	 0 	 1
				-15.2508 	 -20.9773 	 0
			}
		}
		{bone "emit3"
			{matrix34
				0.9205 	 0.3907 	 0
				-0.3907 	 0.9205 	 0
				0 	 0 	 1
				-53.4471 	 -15.5163 	 0.2216
			}
		}
		{bone "emit4"
			{Position -49.7662 	 17.9406 	 0}
		}
		{bone "gunner"
			{Position -27.212 	 11.7341 	 0.0408}
		}
		{bone "seat1"
			{matrix34
				0.0184 	 0.9998 	 0
				-0.9998 	 0.0184 	 0
				0 	 0 	 1
				-27.9899 	 3.266 	 10.4005
			}
		}
		{bone "seat2"
			{matrix34
				-0.2008 	 -0.9796 	 0
				0.9796 	 -0.2008 	 0
				0 	 0 	 1
				-14.5234 	 -3.9875 	 13.2732
			}
		}
		{bone "seat3"
			{matrix34
				-0.0349 	 -0.9994 	 0
				0.9994 	 -0.0349 	 0
				0 	 0 	 1
				-28.5259 	 -3.9452 	 12.1679
			}
		}
		{bone "seat4"
			{matrix34
				0 	 1 	 0
				-1 	 0 	 0
				0 	 0 	 1
				-37.7336 	 1.8399 	 8.8753
			}
		}
		{bone revolute "sandbag"
			{Position 4.0994 	 0 	 0}
		}
	}
}
{obstacle "obstacle"
	{obb2
		{center -0.0139551 -0.0777292}
		{extent 11.4281 18.9033}
		{axis 1 0}
	}
	{rotate}
}
{obstacle "obstacle1"
	{obb2
		{center -31.9266 0.00751734}
		{extent 20.6425 6.50134}
		{axis 1 0}
	}
	{rotate}
}
{volume "barrel1"
	{box 53.3746 5.38016 2.97438}
	{bone "gun_rot1"}
	{Position 8.0869 	 -0.9442 	 -0.2814}
}
{volume "barrel2"
	{cylinder 1.98329 27.8345}
	{bone "gun"}
	{matrix34
		0 	 1 	 0
		0 	 0 	 1
		1 	 0 	 0
		2.4706 	 -0.0016 	 -0.0108
	}
}
{volume "barrel3"
	{box 4.78853 5.75134 5.94771}
	{bone "gun"}
	{Position -13.8409 	 -0.0142 	 0.486}
}
{volume "body1"
	{polyhedron "body1.vol"}
	{bone "body"}
	{Position -24.1459 	 0.0314 	 0.6193}
}
{volume "body2"
	{polyhedron "body2.vol"}
	{bone "body"}
	{matrix34
		1 	 0 	 0
		0 	 0 	 1
		0 	 -1 	 0
		-42.3392 	 -0.0002 	 -1.7229
	}
}
{volume "hole"
	{box 7.72947 1.38895 23.5424}
	{bone "shield"}
	{matrix34
		0 	 1 	 0
		-0.9026 	 0 	 -0.4305
		-0.4305 	 0 	 0.9026
		0.2553 	 0.0139 	 0.9268
	}
}
{volume "select"
	{box 35.3231 37.8066 26.128}
	{bone "basis"}
	{Position -2.0829 	 0.0777 	 13.064}
}
{volume "shield"
	{box 27.2663 24.8644 0.479274}
	{bone "shield"}
	{matrix34
		0 	 1 	 0
		-0.4303 	 0 	 0.9027
		0.9027 	 0 	 0.4303
		0.6448 	 0.0726 	 -0.2907
	}
}
{volume "wheelleft"
	{cylinder 11.6366 3.73113}
	{bone "wheell"}
	{matrix34
		1 	 0 	 0
		0 	 -1 	 0
		0 	 0 	 -1
		0 	 0 	 0.1561
	}
}
{volume "wheelright"
	{cylinder 11.7046 3.71774}
	{bone "wheelr"}
	{matrix34
		1 	 0 	 0
		0 	 -1 	 0
		0 	 0 	 -1
		0 	 0 	 0.0042
	}
}
