;Exported by:	 TigerF
;Date:			 08.06.2022 17:26:14
;File:			 D:\PROGRAMS\3ds_max\3dsmax9_saves\scenes\GoH_3D_vehicles_rus\vehicles\cannon\m43\76mm_m43.max
{skeleton
	{animation
		{sequence "recoil" {speed 0.8}}
		{sequence "close" {speed 0.4}}
		{sequence "aim_v" {speed 1}{resume}}
		{sequence "aim_h" {speed 1}{resume}}
		{sequence "shell_eject" {speed 0.6}}
	}
	{bone revolute "basis"
		{parameters "wheelradius=0.40;"}
		{orientation
			1 	 0 	 0
			0 	 -1 	 0
			0 	 0 	 1
		}
		{bone "body"
			{parameters "id=body;"}
			{animation
				{sequence "repair" {file "body_r.anm"}{speed 0.5}}
			}
			{Position -0.0337 	 -0.1113 	 7.5448}
			{VolumeView "body.ply"}
			{bone "standr"
				{parameters "id=body;"}
				{matrix34
					0.9945 	 0 	 0.1045
					0 	 1 	 0
					-0.1045 	 0 	 0.9945
					-1.1525 	 -7.3955 	 -0.3644
				}
				{LODView
					{VolumeView "standr.ply"}
					{VolumeView "standr_lod1.ply"}
					{VolumeView "standr_lod2.ply"}
				}
			}
			{bone "standl"
				{parameters "id=body;"}
				{matrix34
					0.9945 	 0 	 0.1045
					0 	 1 	 0
					-0.1045 	 0 	 0.9945
					-1.2887 	 7.5119 	 -0.3296
				}
				{LODView
					{VolumeView "standl.ply"}
					{VolumeView "standl_lod1.ply"}
					{VolumeView "standl_lod2.ply"}
				}
			}
			{bone "shield_lower"
				{parameters "id=shield_lower;"}
				{matrix34
					0.9945 	 0 	 0.1045
					0 	 1 	 0
					-0.1045 	 0 	 0.9945
					1.5481 	 -0.0061 	 -1.4234
				}
				{VolumeView "shield_lower.ply"}
			}
			{bone revolute "turret"
				{parameters "id=body;"}
				{Position -0.9997 	 0.1537 	 2.0228}
				{VolumeView "turret.ply"}
				{bone revolute "gun_rot"
					{parameters "id=gun;"}
					{animation
						{sequence "repair" {file "gun_r.anm"}{speed 0.5}}
					}
					{matrix34
						1 	 0 	 0
						0 	 0 	 1
						0 	 -1 	 0
						-0.1752 	 -0.0041 	 1.5112
					}
					{VolumeView "gun_rot.ply"}
					{bone "gun"
						{parameters "id=gun;"}
						{matrix34
							1 	 0 	 0
							0 	 0 	 -1
							0 	 1 	 0
							0 	 0 	 0
						}
						{VolumeView "gun.ply"}
						{bone "foresight1"
							{Position 16.74 	 0.0404 	 2.427}
						}
						{bone "fx_invers"
							{matrix34
								-1 	 0 	 0
								0 	 0 	 1
								0 	 1 	 0
								-14.8245 	 -0.0436 	 2.3789
							}
						}
						{bone "visor"
							{Position -4.2074 	 5.2624 	 7.4129}
						}
						{bone "lever"
							{parameters "id=gun;"}
							{Position -12.0001 	 -1.8697 	 1.7559}
							{VolumeView "lever.ply"}
						}
					}
				}
				{bone "shield"
					{parameters "id=shield;"}
					{matrix34
						0.9945 	 0 	 0.1045
						0 	 1 	 0
						-0.1045 	 0 	 0.9945
						-7.1467 	 -0.0041 	 0.7784
					}
					{VolumeView "shield.ply"}
				}
				{bone "aim_wheel2"
					{parameters "id=body;"}
					{matrix34
						0.9773 	 -0.2035 	 -0.0583
						0.2039 	 0.979 	 0
						0.057 	 -0.0119 	 0.9983
						-11.4201 	 6.0175 	 0.9485
					}
					{VolumeView "aim_wheel2.ply"}
				}
				{bone "aim_wheel1"
					{parameters "id=body;"}
					{matrix34
						0.7365 	 -0.6138 	 -0.2842
						0.6402 	 0.7682 	 0
						0.2183 	 -0.182 	 0.9588
						-9.9317 	 7.3444 	 3.5299
					}
					{VolumeView "aim_wheel1.ply"}
				}
			}
			{bone "link1"
				{matrix34
					0.9848 	 0 	 0.1736
					0 	 1 	 0
					-0.1736 	 0 	 0.9848
					-46.7701 	 0.3373 	 -3.495
				}
			}
			{bone "seat1"
				{matrix34
					-0.0408 	 0.9992 	 -0.0015
					-0.9894 	 -0.0406 	 -0.1395
					-0.1394 	 -0.0043 	 0.9902
					-21.9261 	 4.0173 	 -11.5273
				}
			}
			{bone "seat2"
				{matrix34
					-0.0545 	 -0.9985 	 -0.0067
					0.991 	 -0.0549 	 0.1217
					-0.1219 	 0 	 0.9925
					-22.0032 	 -3.8633 	 -11.5409
				}
			}
			{bone "seat4"
				{matrix34
					-0.0408 	 0.9992 	 -0.0015
					-0.9894 	 -0.0406 	 -0.1395
					-0.1394 	 -0.0043 	 0.9902
					-32.6699 	 2.8051 	 -13.4217
				}
			}
			{bone "seat3"
				{matrix34
					-0.0545 	 -0.9985 	 -0.0067
					0.991 	 -0.0549 	 0.1217
					-0.1219 	 0 	 0.9925
					-32.4957 	 -2.3321 	 -13.391
				}
			}
		}
		{bone "pivot_front"
			{Position -1.8811 	 0.0492 	 4.3065}
			{bone "fxtracel1"
				{matrix34
					-1 	 0 	 0
					0 	 0 	 -1
					0 	 -1 	 0
					1.9339 	 14.8233 	 -4.2348
				}
			}
			{bone "fxtracer1"
				{matrix34
					-1 	 0 	 0
					0 	 0 	 -1
					0 	 -1 	 0
					1.9142 	 -14.5626 	 -4.2154
				}
			}
			{bone prizmatic "suspension_l1"
				{limits -0.05 0.05}
				{speed 0.075}
				{Position 1.8811 	 12.9166 	 3.3137}
				{bone revolute "wheell"
					{parameters "id=wheelleft;"}
					{matrix34
						1 	 0 	 0
						0 	 0 	 -1
						0 	 1 	 0
						0 	 2.2813 	 0
					}
					{VolumeView "wheell.ply"}
				}
			}
			{bone prizmatic "suspension_r1"
				{limits -0.05 0.05}
				{speed 0.075}
				{Position 1.8811 	 -13.228 	 3.3137}
				{bone revolute "wheelr"
					{parameters "id=wheelright;"}
					{matrix34
						1 	 0 	 0
						0 	 0 	 -1
						0 	 1 	 0
						0 	 -2.2932 	 0
					}
					{VolumeView "wheelr.ply"}
				}
			}
		}
		{bone "charger"
			{Position -33.9961 	 -11.6142 	 0}
		}
		{bone "gunner"
			{Position -29.8198 	 11.643 	 0}
		}
		{bone "driver2"
			{Position -23.488 	 -9.8436 	 0}
		}
		{bone "driver1"
			{parameters "group=commander;"}
			{Position -22.5895 	 10.9095 	 0}
		}
		{bone "emit1"
			{Position -29.8198 	 11.643 	 0}
		}
		{bone "emit2"
			{Position -33.9961 	 -11.6142 	 0}
		}
		{bone "driver4"
			{Position -38.5108 	 7.7725 	 0}
		}
		{bone "driver3"
			{Position -52.1595 	 -4.8739 	 0}
		}
		{bone "commander"
			{Position -51.2247 	 20.8221 	 0}
		}
		{bone "charger2"
			{Position -51.2247 	 -20.0593 	 0}
		}
		{bone "emit4"
			{Position -51.2247 	 20.8221 	 0}
		}
		{bone "emit3"
			{Position -51.2247 	 -20.0593 	 0}
		}
	}
}
{obstacle "obstacle"
	{obb2
		{center 0.0286493 0.111255}
		{extent 7.89206 16.1101}
		{axis 1 0}
	}
	{rotate}
}
{obstacle "close1"
	{obb2
		{center -24.6226 -0.134316}
		{extent 17.0965 3.90134}
		{axis 1 0}
	}
	{rotate}
	{Tags "close"}
}
{obstacle "openl"
	{obb2
		{center -20.7701 -13.2863}
		{extent 19.7832 1.76623}
		{axis 0.956349 0.292228}
	}
	{rotate}
	{Tags "open"}
}
{obstacle "openr"
	{obb2
		{center -20.922 13.2839}
		{extent 1.76778 19.7418}
		{axis 0.276267 0.961081}
	}
	{rotate}
	{Tags "open"}
}
{volume "barrel1"
	{box 2.1288 1.90164 19.6128}
	{bone "gun_rot"}
	{matrix34
		0 	 0 	 -1
		0 	 1 	 0
		1 	 0 	 0
		4.5879 	 0.1311 	 0.033
	}
}
{volume "barrel2"
	{cylinder 1.56538 31.2635}
	{bone "gun"}
	{matrix34
		0 	 0 	 1
		0 	 1 	 0
		-1 	 0 	 0
		0.6316 	 0.0253 	 2.4635
	}
}
{volume "body"
	{box 21.886 3.74661 5.14999}
	{bone "body"}
	{matrix34
		0 	 -1 	 0
		0 	 0 	 1
		-1 	 0 	 0
		-1.2603 	 0 	 0.3565
	}
}
{volume "hole1"
	{box 2.15524 0.721393 7.45757}
	{bone "shield"}
	{matrix34
		0.0087 	 1 	 -0.0009
		-0.766 	 0.0061 	 -0.6428
		-0.6428 	 0.0063 	 0.766
		8.2774 	 -0.0234 	 1.3832
	}
}
{volume "hole2"
	{box 1.8248 0.721393 1.14847}
	{bone "shield"}
	{matrix34
		-0.0087 	 1 	 0.0009
		-0.766 	 -0.0061 	 -0.6428
		-0.6428 	 -0.0063 	 0.766
		2.8378 	 5.2444 	 7.8881
	}
}
{volume "hole3"
	{box 8.03994 0.721393 1.51389}
	{bone "shield"}
	{matrix34
		0.0174 	 0.9998 	 -0.0018
		-0.7659 	 0.0121 	 -0.6428
		-0.6427 	 0.0126 	 0.766
		-0.3967 	 -2.9141 	 11.904
	}
}
{volume "select"
	{box 24.785 32.2231 16.5278}
	{bone "basis"}
	{Position -2.3716 	 -0.1127 	 8.4228}
}
{volume "shield1"
	{box 0.177165 14.0643 19.9036}
	{bone "shield"}
	{matrix34
		0.7659 	 -0.0121 	 0.6428
		0.0174 	 0.9998 	 -0.0018
		-0.6427 	 0.0126 	 0.766
		5.6202 	 0.0285 	 4.6141
	}
}
{volume "shield2"
	{polyhedron "shield2.vol"}
	{bone "shield"}
	{matrix34
		-0.5314 	 0.7611 	 -0.3719
		-0.6526 	 -0.6478 	 -0.3932
		-0.5402 	 0.0338 	 0.8409
		7.9972 	 -8.5323 	 -1.0683
	}
}
{volume "shield3"
	{polyhedron "shield3.vol"}
	{bone "shield"}
	{matrix34
		0.5939 	 0.6419 	 0.485
		-0.5238 	 0.7661 	 -0.3725
		-0.6107 	 -0.0328 	 0.7912
		7.9994 	 9.3058 	 -1.5402
	}
}
{volume "shield_lower"
	{box 0.325529 22.3833 3.85969}
	{bone "shield_lower"}
	{matrix34
		0.9998 	 0 	 0.0175
		0 	 1 	 0
		-0.0175 	 0 	 0.9998
		0.1267 	 0.0041 	 -1.7716
	}
}
{volume "standl"
	{cylinder 0.837552 40.9332}
	{bone "standl"}
	{matrix34
		-0.2891 	 -0.9553 	 0.0621
		0.001 	 0.0646 	 0.9979
		-0.9573 	 0.2886 	 -0.0177
		-20.3382 	 6.1049 	 -0.1558
	}
}
{volume "standr"
	{cylinder 0.837552 40.9332}
	{bone "standr"}
	{matrix34
		0.2755 	 -0.9613 	 0.0028
		-0.0174 	 -0.0021 	 0.9998
		-0.9611 	 -0.2755 	 -0.0173
		-20.5482 	 -5.9598 	 -0.0941
	}
}
{volume "wheelleft"
	{cylinder 7.98594 2.61811}
	{bone "wheell"}
	{matrix34
		1 	 0 	 0
		0 	 -1 	 0
		0 	 0 	 -1
		0.0286 	 -0.0309 	 -0.7518
	}
}
{volume "wheelright"
	{cylinder 7.98594 2.61811}
	{bone "wheelr"}
	{matrix34
		1 	 0 	 0
		0 	 -1 	 0
		0 	 0 	 -1
		0.0286 	 -0.0309 	 0.7755
	}
}
