;Exported by:	 guita
;Date:			 23.09.2023 17:09:06
;File:			 D:\Git\3D_Scenes\GoH_3D_vehicles_ger2\vehicles\cannon\bunker_mg_ring\bunker_mg_ring_xx.max
{skeleton
	{bone "basis"
		{orientation
			1 	 0 	 0
			0 	 -1 	 0
			0 	 0 	 1
		}
		{bone "body"
			{parameters "id=body;"}
			{Position -0.0033 	 0 	 0.0653}
			{VolumeView "body.ply"}
			{bone revolute "turret"
				{parameters "id=body;"}
				{matrix34
					0.9877 	 0.1564 	 -0.0027
					-0.1558 	 0.9823 	 -0.1043
					-0.0136 	 0.1035 	 0.9945
					0 	 -0.63 	 -1.2238
				}
				{VolumeView "turret.ply"}
			}
			{bone "part2"
				{parameters "id=shield;"}
				{matrix34
					0.9353 	 -0.2559 	 0.2444
					0.2642 	 0.9645 	 -0.0011
					-0.2355 	 0.0656 	 0.9697
					9.5368 	 -2.9057 	 0.2506
				}
				{VolumeView "part2.ply"}
			}
			{bone "part3"
				{parameters "id=body;"}
				{matrix34
					0.9877 	 0.1564 	 -0.0027
					-0.0025 	 -0.0018 	 -1
					-0.1564 	 0.9877 	 -0.0014
					2.0486 	 -9.2831 	 -0.5567
				}
				{VolumeView "part3.ply"}
			}
			{bone "part4"
				{parameters "id=shield;"}
				{matrix34
					0.9623 	 0.0907 	 -0.2564
					-0.1222 	 0.9864 	 -0.1097
					0.243 	 0.1369 	 0.9603
					8.0542 	 4.6456 	 -0.2504
				}
				{VolumeView "part4.ply"}
			}
		}
	}
}
{volume "body1"
	{cylinder 11.4925 0.896389}
	{bone "body"}
	{Position 0 	 0 	 -1.2233}
}
{volume "hole1"
	{cylinder 9.59264 1.42414}
	{bone "body"}
	{Position 0 	 0 	 -1.1587}
}
{volume "part3"
	{box 2.08514 17.7491 0.47297}
	{bone "part3"}
	{Position 0.0616 	 8.8917 	 0.2979}
}
{volume "shield1"
	{box 8.53401 7.11568 0.213671}
	{bone "part4"}
	{matrix34
		0.4848 	 -0.8746 	 0
		-0.2264 	 -0.1255 	 0.9659
		-0.8448 	 -0.4683 	 -0.2588
		-1.3274 	 1.0103 	 3.6617
	}
}
{volume "shield2"
	{box 8.53401 7.11568 0.213671}
	{bone "part2"}
	{matrix34
		-0.4848 	 -0.8746 	 0
		-0.2264 	 0.1255 	 0.9659
		-0.8448 	 0.4683 	 -0.2588
		-1.6702 	 -0.9331 	 3.9648
	}
}
{volume "turret1"
	{box 2.52079 2.45278 0.896758}
	{bone "turret"}
	{matrix34
		0 	 -1 	 0
		0 	 0 	 1
		-1 	 0 	 0
		9.2106 	 -0.0752 	 1.7839
	}
}
