;Exported by:	 TigerF
;Date:			 29.10.2023 19:18:08
;File:			 D:\GOH\3dsmax9_saves\scenes\GoH_3D_vehicles_usa\vehicles\cannon\mg_tripods\M1917_30cal_xx.max
{skeleton
	{bone revolute "basis"
		{orientation
			1 	 0 	 0
			0 	 -1 	 0
			0 	 0 	 1
		}
		{bone "part1"
			{parameters "id=part1;"}
			{Position 0 	 0 	 9.4259}
			{VolumeView "part1.ply"}
			{bone revolute "part3"
				{parameters "id=part3;"}
				{Position 0 	 0 	 1.3256}
				{VolumeView "part3.ply"}
				{bone "part4"
					{parameters "id=part4;"}
					{Position -6.0899 	 0 	 4.1989}
					{VolumeView "part4.ply"}
					{bone "part5"
						{parameters "id=part5;"}
						{Position 5.7054 	 1.0104 	 0.0786}
						{VolumeView "part5.ply"}
					}
				}
			}
			{bone "part6"
				{parameters "id=part6;"}
				{Position 1.4989 	 0 	 -0.5604}
				{VolumeView "part6.ply"}
			}
			{bone "part7"
				{parameters "id=part7;"}
				{matrix34
					0.702 	 -0.7122 	 0
					0.7122 	 0.702 	 0
					0 	 0 	 1
					-0.4206 	 -1.9011 	 -0.5494
				}
				{VolumeView "part7.ply"}
			}
			{bone "part8"
				{parameters "id=part8;"}
				{matrix34
					0.7119 	 0.7023 	 0
					-0.7023 	 0.7119 	 0
					0 	 0 	 1
					-0.4206 	 1.9011 	 -0.5494
				}
				{VolumeView "part8.ply"}
			}
		}
		{bone "part2"
			{parameters "id=part2;"}
			{Position 10.4309 	 5.422 	 3.0778}
			{VolumeView "part2.ply"}
		}
	}
}
{volume "body1"
	{box 3.23722 2.85736 2.44583}
	{bone "part1"}
	{matrix34
		1 	 0 	 0
		0 	 0 	 1
		0 	 -1 	 0
		0.1434 	 -0.0095 	 0.1711
	}
}
{volume "body2"
	{polyhedron "body2.vol"}
	{bone "part3"}
	{Position -1.9894 	 -0.5164 	 2.3442}
}
{volume "body3"
	{polyhedron "body3.vol"}
	{bone "part3"}
	{Position -1.9894 	 0.5793 	 2.3442}
}
{volume "body4"
	{box 7.28252 1.06632 2.28426}
	{bone "part4"}
	{Position 3.3185 	 -0.0002 	 0.6863}
}
{volume "body5"
	{cylinder 1.20709 9.84252}
	{bone "part4"}
	{matrix34
		0 	 0 	 1
		0 	 1 	 0
		-1 	 0 	 0
		11.8367 	 -0.0014 	 1.1141
	}
}
{volume "part2"
	{box 2.32672 7.05475 4.55285}
	{bone "part2"}
	{matrix34
		1 	 0 	 0
		0 	 0 	 1
		0 	 -1 	 0
		0.0113 	 -0.022 	 0.2219
	}
}
{volume "part5"
	{box 1.60822 3.06056 4.81483}
	{bone "part5"}
	{matrix34
		1 	 0 	 0
		0 	 0 	 1
		0 	 -1 	 0
		-0.0249 	 2.4015 	 -0.8003
	}
}
{volume "standc"
	{cylinder 0.472441 12.1762}
	{bone "part6"}
	{matrix34
		-0.7245 	 -0.0908 	 -0.6832
		-0.0648 	 0.9959 	 -0.0637
		0.6862 	 -0.0018 	 -0.7274
		4.1775 	 -0.0113 	 -4.4287
	}
}
{volume "standl"
	{cylinder 0.472441 10.7813}
	{bone "part8"}
	{matrix34
		0.7468 	 -0.6147 	 -0.2538
		-0.6381 	 -0.5547 	 -0.534
		0.1875 	 0.5607 	 -0.8065
		0.4496 	 3.1089 	 -4.3475
	}
}
{volume "standr"
	{cylinder 0.472441 10.9474}
	{bone "part7"}
	{matrix34
		-0.7916 	 -0.5806 	 0.1905
		-0.5746 	 0.6013 	 -0.5552
		0.2078 	 -0.5489 	 -0.8096
		0.4995 	 -3.0891 	 -4.3921
	}
}
