;Exported by:	 guita
;Date:			 26.02.2022 09:10:18
;File:			 D:\Git\3D_Scenes\GoH_3D_vehicles_rus\vehicles\btr\ba10\BA-10.max
{skeleton
	{animation
		{sequence "start" {speed 0.7}}
		{sequence "stop" {speed 0.7}}
		{sequence "fire" {speed 0.5}}
		{sequence "open" {speed 0.25}{resume} {events {1 "hatch_light"}}}
		{sequence "doorleft" {speed 0.22} {events {1 "hatch_light"} {36 "hatch_light"}}}
		{sequence "doorright" {speed 0.25} {events {1 "hatch_light"} {36 "hatch_light"}}}
	}
	{bone "basis"
		{parameters "steermax=25;wheelradius=0.415;"}
		{orientation
			1 	 0 	 0
			0 	 -1 	 0
			0 	 0 	 1
		}
		{bone "emit1"
			{matrix34
				0 	 -1 	 0
				1 	 0 	 0
				0 	 0 	 1
				0.5059 	 26.0613 	 0.5206
			}
		}
		{bone "emit2"
			{matrix34
				0 	 1 	 0
				-1 	 0 	 0
				0 	 0 	 1
				0.5059 	 -27.6563 	 0.5206
			}
		}
		{bone "body"
			{parameters "id=body;"}
			{animation
				{sequence "repair" {file "body_r.anm"}{speed 0.7}}
			}
			{Position 0.2725 	 0 	 19.8203}
			{VolumeView "body.ply"}
			{bone revolute "turret"
				{parameters "id=turret;"}
				{animation
					{sequence "repair" {file "turret_r.anm"}{speed 0.7}}
				}
				{matrix34
					0.9994 	 0 	 -0.0349
					0 	 1 	 0
					0.0349 	 0 	 0.9994
					-25.526 	 0 	 13.4556
				}
				{VolumeView "turret.ply"}
				{bone "turret_hatch"
					{parameters "id=turret;"}
					{Position 0.3494 	 0 	 10.7937}
					{VolumeView "turret_hatch.ply"}
				}
				{bone revolute "gun_rot"
					{parameters "id=gun;"}
					{animation
						{sequence "repair" {file "gun_r.anm"}{speed 0.7}}
					}
					{matrix34
						0.9994 	 0 	 0.0349
						-0.0349 	 0 	 0.9994
						0 	 -1 	 0
						13.4977 	 -0.8425 	 4.6018
					}
					{VolumeView "gun_rot.ply"}
					{bone "gun"
						{parameters "id=gun;"}
						{matrix34
							1 	 0 	 0
							0 	 0 	 -1
							0 	 1 	 0
							9.3429 	 0.0808 	 -0.8425
						}
						{VolumeView "gun.ply"}
						{bone "foresight1"
							{Position 18.6262 	 -0.001 	 0}
						}
					}
					{bone "foresight5"
						{matrix34
							1 	 0 	 0
							0 	 0 	 -1
							0 	 1 	 0
							8.0444 	 -1.0158 	 2.9886
						}
					}
				}
				{bone "visor1"
					{Position 7.863 	 6.0382 	 12.3375}
				}
				{bone "fxfire3"
					{matrix34
						0 	 0 	 1
						0 	 1 	 0
						-1 	 0 	 0
						-1.4868 	 -0.1313 	 6.3078
					}
				}
				{bone "ammo2"
					{Position -2.2406 	 -0.0226 	 7.233}
				}
				{bone "ammo1"
					{Position -2.2406 	 -0.0226 	 7.233}
				}
			}
			{bone "detail1"
				{parameters "id=body;"}
				{matrix34
					0.9994 	 0 	 -0.0349
					0 	 1 	 0
					0.0349 	 0 	 0.9994
					-24.4357 	 -13.8292 	 5.6464
				}
				{VolumeView "detail1.ply"}
			}
			{bone "detail2"
				{parameters "id=body;"}
				{matrix34
					0.9994 	 0 	 -0.0349
					0 	 1 	 0
					0.0349 	 0 	 0.9994
					-24.4357 	 13.8292 	 5.6464
				}
				{VolumeView "detail2.ply"}
			}
			{bone "doorl_help"
				{matrix34
					0.9994 	 0 	 -0.0349
					0.0043 	 0.9925 	 0.1218
					0.0346 	 -0.1219 	 0.9919
					5.9998 	 13.2351 	 6.2483
				}
				{bone "doorleft"
					{parameters "id=body;"}
					{Position 0 	 0 	 0}
					{VolumeView "doorleft.ply"}
				}
			}
			{bone "doorr_help"
				{matrix34
					0.9994 	 0 	 -0.0349
					-0.0043 	 0.9925 	 -0.1218
					0.0346 	 0.1219 	 0.9919
					5.9998 	 -13.2362 	 6.2483
				}
				{bone "doorright"
					{parameters "id=body;"}
					{Position 0 	 0 	 0}
					{VolumeView "doorright.ply"}
				}
			}
			{bone "detail4"
				{parameters "id=body;"}
				{matrix34
					0.9994 	 0 	 -0.0349
					0 	 1 	 0
					0.0349 	 0 	 0.9994
					16.0772 	 -14.4992 	 -8.8138
				}
				{VolumeView "detail4.ply"}
			}
			{bone "detail3"
				{parameters "id=body;"}
				{matrix34
					0.9994 	 0 	 -0.0349
					0 	 1 	 0
					0.0349 	 0 	 0.9994
					16.0772 	 14.4969 	 -8.8138
				}
				{VolumeView "detail3.ply"}
			}
			{bone revolute "mgun_h_rot1"
				{limits -15 15}
				{Position 10.3016 	 -5.3889 	 10.4448}
				{bone revolute "mgun_h_rot2"
					{limits -8 15}
					{matrix34
						1 	 0 	 0
						0 	 0 	 1
						0 	 -1 	 0
						0 	 0 	 0
					}
					{bone "mgun_hull"
						{parameters "id=body;"}
						{matrix34
							1 	 0 	 0
							0 	 0 	 -1
							0 	 1 	 0
							0 	 0 	 0
						}
						{VolumeView "mgun_hull.ply"}
					}
					{bone "foresight4"
						{matrix34
							1 	 0 	 0
							0 	 0 	 -1
							0 	 1 	 0
							8.9417 	 0.0037 	 0.0472
						}
					}
				}
			}
			{bone "fxfire4"
				{matrix34
					0.0349 	 0 	 0.9994
					0 	 1 	 0
					-0.9994 	 0 	 0.0349
					-23.6322 	 0 	 13.026
				}
			}
			{bone "engine"
				{parameters "id=engine;"}
				{animation
					{sequence "repair" {file "engine_r.anm"}{speed 0.7}}
				}
				{Position 33.2282 	 0 	 -2.7796}
				{VolumeView "engine.ply"}
				{bone "fxfire1"
					{matrix34
						0.0349 	 0 	 0.9994
						0 	 1 	 0
						-0.9994 	 0 	 0.0349
						-4.6136 	 -0.1313 	 4.1966
					}
				}
			}
			{bone "fxsmoke1"
				{matrix34
					-0.9854 	 0.1213 	 -0.1193
					-0.1228 	 -0.9924 	 0.0059
					-0.1177 	 0.0204 	 0.9928
					-5.9025 	 -3.9213 	 -11.9904
				}
			}
			{bone "headlightl"
				{matrix34
					0.9994 	 0 	 -0.0349
					0 	 1 	 0
					0.0349 	 0 	 0.9994
					38.8304 	 8.6417 	 1.5451
				}
			}
			{bone "headlightr"
				{matrix34
					0.9994 	 0 	 -0.0349
					0 	 1 	 0
					0.0349 	 0 	 0.9994
					38.8304 	 -8.6423 	 1.5452
				}
			}
			{bone "transmission"
				{matrix34
					0.9994 	 0 	 -0.0349
					0 	 1 	 0
					0.0349 	 0 	 0.9994
					-26.4255 	 0 	 6.9499
				}
			}
			{bone "visor2"
				{matrix34
					0.9994 	 0 	 -0.0349
					0 	 1 	 0
					0.0349 	 0 	 0.9994
					9.6969 	 5.342 	 11.6416
				}
			}
			{bone "ammo4"
				{matrix34
					0.9994 	 0 	 -0.0349
					0 	 1 	 0
					0.0349 	 0 	 0.9994
					-26.4255 	 0 	 6.9499
				}
			}
			{bone "ammo3"
				{matrix34
					0.9994 	 0 	 -0.0349
					0 	 1 	 0
					0.0349 	 0 	 0.9994
					-26.4255 	 0 	 6.9499
				}
			}
			{bone "fuel"
				{matrix34
					0.9994 	 0 	 -0.0349
					0 	 1 	 0
					0.0349 	 0 	 0.9994
					16.8141 	 -5.436 	 4.8898
				}
			}
		}
		{bone "pivot_front"
			{Position 35.524 	 0 	 8.0913}
			{bone revolute "steerl"
				{matrix34
					1 	 0 	 0
					0 	 -1 	 0
					0 	 0 	 -1
					0.0188 	 11.8905 	 0.1618
				}
				{bone "fxtracel1"
					{matrix34
						1 	 0 	 0
						0 	 -1 	 0
						0 	 0 	 -1
						-0.0188 	 -2.2555 	 8.5868
					}
				}
				{bone prizmatic "suspension_l1"
					{limits -0.09 0.09}
					{speed 0.1}
					{matrix34
						1 	 0 	 0
						0 	 -1 	 0
						0 	 0 	 -1
						-0.0188 	 -2.7289 	 0.1618
					}
					{bone "wl1"
						{parameters "id=wheelleft1;"}
						{Position 0.0188 	 -1.714 	 0.1618}
						{VolumeView "wl1.ply"}
					}
					{bone revolute "wheell1"
						{parameters "id=wheelleft1;"}
						{matrix34
							1 	 0 	 0
							0 	 0 	 -1
							0 	 1 	 0
							0 	 -0.0031 	 0
						}
						{VolumeView "wheell1.ply"}
					}
				}
			}
			{bone revolute "steerr"
				{matrix34
					1 	 0 	 0
					0 	 -1 	 0
					0 	 0 	 -1
					0.0188 	 -11.8378 	 0.1618
				}
				{bone "fxtracer1"
					{matrix34
						1 	 0 	 0
						0 	 -1 	 0
						0 	 0 	 -1
						-0.0188 	 2.2979 	 8.61
					}
				}
				{bone prizmatic "suspension_r1"
					{limits -0.09 0.09}
					{speed 0.1}
					{matrix34
						1 	 0 	 0
						0 	 -1 	 0
						0 	 0 	 -1
						-0.0188 	 2.7872 	 0.1618
					}
					{bone "wr1"
						{parameters "id=wheelright1;"}
						{Position 0.0188 	 2.4231 	 0.1618}
						{VolumeView "wr1.ply"}
					}
					{bone revolute "wheelr1"
						{parameters "id=wheelright1;"}
						{matrix34
							1 	 0 	 0
							0 	 0 	 -1
							0 	 1 	 0
							0 	 0.0005 	 0
						}
						{VolumeView "wheelr1.ply"}
					}
				}
			}
			{bone prizmatic "suspension_l4"
				{limits -0.09 0.09}
				{speed 0.1}
				{Position 0 	 14.6194 	 0}
				{bone revolute "wheell4"
					{parameters "id=wheelleft4;"}
					{matrix34
						1 	 0 	 0
						0 	 0 	 -1
						0 	 1 	 0
						0 	 0 	 0
					}
				}
			}
			{bone prizmatic "suspension_r4"
				{limits -0.09 0.09}
				{speed 0.1}
				{Position 0 	 -14.625 	 0}
				{bone revolute "wheelr4"
					{parameters "id=wheelright4;"}
					{matrix34
						1 	 0 	 0
						0 	 0 	 -1
						0 	 1 	 0
						0 	 0 	 0
					}
				}
			}
			{bone "susp_front"
				{parameters "id=body;"}
				{Position -8.4497 	 0 	 0.7684}
				{VolumeView "susp_front.ply"}
			}
		}
		{bone "pivot_back"
			{Position -24.1846 	 0 	 10.6763}
			{bone "fxtracer2"
				{matrix34
					-0.9397 	 0 	 0.342
					0 	 -1 	 0
					0.342 	 0 	 0.9397
					-13.6976 	 -16.2603 	 -9.4299
				}
			}
			{bone "fxtracel2"
				{matrix34
					-0.9397 	 0 	 0.342
					0 	 -1 	 0
					0.342 	 0 	 0.9397
					-13.6976 	 16.2547 	 -9.4299
				}
			}
			{bone prizmatic "suspension_r2"
				{limits -0.09 0.09}
				{speed 0.1}
				{Position 9.3131 	 -14.625 	 -2.7093}
				{bone revolute "wheelr2"
					{parameters "id=wheelright2;"}
					{matrix34
						1 	 0 	 0
						0 	 0 	 -1
						0 	 1 	 0
						0 	 -1.3781 	 0
					}
					{VolumeView "wheelr2.ply"}
				}
				{bone "wr2"
					{parameters "id=wheelright2;"}
					{Position -0.0186 	 1.7832 	 -0.0085}
					{VolumeView "wr2.ply"}
				}
			}
			{bone prizmatic "suspension_r3"
				{limits -0.09 0.09}
				{speed 0.1}
				{Position -9.2687 	 -14.625 	 -2.7093}
				{bone revolute "wheelr3"
					{parameters "id=wheelright3;"}
					{matrix34
						1 	 0 	 0
						0 	 0 	 -1
						0 	 1 	 0
						0 	 -1.3781 	 0
					}
					{VolumeView "wheelr3.ply"}
				}
				{bone "wr3"
					{parameters "id=wheelright3;"}
					{Position 0.0242 	 1.7832 	 -0.0085}
					{VolumeView "wr3.ply"}
				}
			}
			{bone prizmatic "suspension_l2"
				{limits -0.09 0.09}
				{speed 0.1}
				{Position 9.3132 	 15.9983 	 -2.7093}
				{bone revolute "wheell2"
					{parameters "id=wheelleft2;"}
					{matrix34
						1 	 0 	 0
						0 	 0 	 -1
						0 	 1 	 0
						0 	 -0.0008 	 0
					}
					{VolumeView "wheell2.ply"}
				}
				{bone "wl2"
					{parameters "id=wheelleft2;"}
					{Position -0.0187 	 -3.1565 	 -0.0085}
					{VolumeView "wl2.ply"}
				}
			}
			{bone prizmatic "suspension_l3"
				{limits -0.09 0.09}
				{speed 0.1}
				{Position -9.2682 	 15.9983 	 -2.7093}
				{bone revolute "wheell3"
					{parameters "id=wheelleft3;"}
					{matrix34
						1 	 0 	 0
						0 	 0 	 -1
						0 	 1 	 0
						0 	 -0.0008 	 0
					}
					{VolumeView "wheell3.ply"}
				}
				{bone "wl3"
					{parameters "id=wheelleft3;"}
					{Position 0.0238 	 -3.1565 	 -0.0085}
					{VolumeView "wl3.ply"}
				}
			}
			{bone "susp_back"
				{parameters "id=body;"}
				{Position 5.7977 	 -0.0035 	 -2.3985}
				{VolumeView "susp_back.ply"}
			}
		}
	}
}
{volume "ammo3"
	{box 20.835 3.52405 6.19331}
	{bone "ammo3"}
	{matrix34
		1 	 0 	 0
		0 	 0.9945 	 0.1045
		0 	 -0.1045 	 0.9945
		5.848 	 12.0206 	 -2.5845
	}
}
{volume "ammo4"
	{box 20.835 3.52405 6.19331}
	{bone "ammo4"}
	{matrix34
		1 	 0 	 0
		0 	 0.9945 	 -0.1045
		0 	 0.1045 	 0.9945
		5.848 	 -11.818 	 -2.5845
	}
}
{volume "barrel"
	{cylinder 1.0156 26.6732}
	{bone "gun_rot"}
	{matrix34
		0 	 0 	 -1
		0 	 1 	 0
		1 	 0 	 0
		14.3543 	 0.0808 	 -0.8425
	}
}
{volume "body1"
	{polyhedron "body1.vol"}
	{bone "body"}
	{matrix34
		0.9994 	 0 	 -0.0349
		0 	 1 	 0
		0.0349 	 0 	 0.9994
		16.7162 	 0 	 0.4473
	}
}
{volume "body2"
	{polyhedron "body2.vol"}
	{bone "body"}
	{matrix34
		0.9994 	 0 	 -0.0349
		0 	 1 	 0
		0.0349 	 0 	 0.9994
		2.574 	 0 	 -5.3726
	}
}
{volume "body3"
	{polyhedron "body3.vol"}
	{bone "body"}
	{matrix34
		0.9994 	 0 	 -0.0349
		0 	 1 	 0
		0.0349 	 0 	 0.9994
		-0.5427 	 0 	 4.7259
	}
}
{volume "body4"
	{polyhedron "body4.vol"}
	{bone "body"}
	{matrix34
		0.9994 	 0 	 -0.0349
		0 	 1 	 0
		0.0349 	 0 	 0.9994
		8.9239 	 -6.7088 	 5.776
	}
}
{volume "body5"
	{polyhedron "body5.vol"}
	{bone "body"}
	{matrix34
		0.9994 	 0 	 -0.0349
		0 	 1 	 0
		0.0349 	 0 	 0.9994
		-27.1215 	 0 	 7.4381
	}
}
{volume "body6"
	{polyhedron "body6.vol"}
	{bone "body"}
	{matrix34
		0.9994 	 0 	 -0.0349
		0 	 1 	 0
		0.0349 	 0 	 0.9994
		-24.7076 	 0 	 -1.06
	}
}
{volume "body7"
	{polyhedron "body7.vol"}
	{bone "body"}
	{Position 8.6393 	 0 	 -9.2256}
}
{volume "body8"
	{polyhedron "body8.vol"}
	{bone "body"}
	{matrix34
		0.9994 	 0 	 -0.0349
		0 	 1 	 0
		0.0349 	 0 	 0.9994
		-23.4667 	 0 	 -6.7049
	}
}
{volume "breech"
	{box 15.3322 3.8174 5.91384}
	{bone "gun_rot"}
	{Position -5.7598 	 0.103 	 -0.8263}
}
{volume "detail1"
	{box 22.3089 6.94862 0.705244}
	{bone "detail1"}
	{matrix34
		-0.9997 	 -0.0175 	 -0.0174
		0.0207 	 -0.2082 	 -0.9779
		0.0134 	 -0.9779 	 0.2085
		2.6471 	 -1.2802 	 -0.2036
	}
}
{volume "detail1a"
	{box 8.09167 6.67482 0.705244}
	{bone "detail1"}
	{matrix34
		-0.6811 	 0.7319 	 -0.021
		-0.1083 	 -0.129 	 -0.9857
		-0.7241 	 -0.6691 	 0.1672
		-11.3069 	 1.4554 	 -0.2982
	}
}
{volume "detail2"
	{box 22.3089 6.94862 0.705244}
	{bone "detail2"}
	{matrix34
		0.9994 	 0 	 0.0349
		0.0337 	 0.2588 	 -0.9653
		-0.009 	 0.9659 	 0.2587
		2.6392 	 1.3836 	 -0.1859
	}
}
{volume "detail2a"
	{box 8.09167 6.67482 0.705244}
	{bone "detail2"}
	{matrix34
		0.7313 	 0.6815 	 0.0284
		-0.0947 	 0.1427 	 -0.9852
		-0.6754 	 0.7178 	 0.1689
		-11.2898 	 -1.1601 	 -0.2976
	}
}
{volume "detail3"
	{cylinder 8.17205 3.14633}
	{bone "detail3"}
	{matrix34
		0.9397 	 0 	 0.342
		-0.342 	 0 	 0.9397
		0 	 -1 	 0
		-0.1168 	 0.1432 	 -0.0449
	}
}
{volume "detail4"
	{cylinder 8.17205 3.14633}
	{bone "detail4"}
	{matrix34
		0.9397 	 0 	 0.342
		-0.342 	 0 	 0.9397
		0 	 -1 	 0
		-0.1168 	 -0.1406 	 -0.0449
	}
}
{volume "engine1"
	{polyhedron "engine1.vol"}
	{bone "engine"}
	{Position 0.1018 	 0 	 2.2792}
}
{volume "fuel"
	{box 6.39262 19.2023 4.04827}
	{bone "fuel"}
	{Position -0.0271 	 5.4739 	 -0.0346}
}
{volume "ram"
	{polyhedron "ram.vol"}
	{bone "body"}
	{Position -2.6647 	 0.0005 	 -3.0938}
}
{volume "shield1"
	{polyhedron "shield1.vol"}
	{bone "body"}
	{matrix34
		0.9613 	 0 	 0.2756
		0 	 1 	 0
		-0.2756 	 0 	 0.9613
		-40.0255 	 0.0014 	 -9.2412
	}
}
{volume "transmission"
	{cylinder 2.43525 57.8265}
	{bone "transmission"}
	{matrix34
		0 	 1 	 0
		0 	 0 	 1
		1 	 0 	 0
		19.4145 	 0.1208 	 -16.5656
	}
}
{volume "turret1"
	{polyhedron "turret1.vol"}
	{bone "turret"}
	{Position -0.0512 	 0.0365 	 4.539}
}
{volume "turret2"
	{polyhedron "turret2.vol"}
	{bone "turret"}
	{Position 12.5662 	 -0.4591 	 3.8297}
}
{volume "wheelleft1"
	{cylinder 8.17205 3.14626}
	{bone "wheell1"}
	{matrix34
		0.9511 	 -0.309 	 0
		-0.309 	 -0.9511 	 0
		0 	 0 	 -1
		0 	 0 	 -0.4834
	}
}
{volume "wheelleft2"
	{cylinder 8.17205 6.56949}
	{bone "wheell2"}
	{matrix34
		0.9511 	 -0.309 	 0
		-0.309 	 -0.9511 	 0
		0 	 0 	 -1
		0 	 0 	 0
	}
}
{volume "wheelleft3"
	{cylinder 8.17205 6.56949}
	{bone "wheell3"}
	{matrix34
		0.9511 	 -0.309 	 0
		-0.309 	 -0.9511 	 0
		0 	 0 	 -1
		0 	 0 	 0
	}
}
{volume "wheelright1"
	{cylinder 8.17205 3.14633}
	{bone "wheelr1"}
	{matrix34
		0.9511 	 -0.309 	 0
		-0.309 	 -0.9511 	 0
		0 	 0 	 -1
		0 	 0 	 0.4731
	}
}
{volume "wheelright2"
	{cylinder 8.17205 6.56949}
	{bone "wheelr2"}
	{matrix34
		0.9511 	 -0.309 	 0
		-0.309 	 -0.9511 	 0
		0 	 0 	 -1
		0 	 0 	 0
	}
}
{volume "wheelright3"
	{cylinder 8.17205 6.56949}
	{bone "wheelr3"}
	{matrix34
		0.9511 	 -0.309 	 0
		-0.309 	 -0.9511 	 0
		0 	 0 	 -1
		0 	 0 	 0
	}
}
