;Exported by:	 guita
;Date:			 24.04.2020 23:54:24
;File:			 D:\Git\3D_Scenes\GoH_3D_vehicles_ger\vehicles\cannon\sgrw38\80mm_sgrw34_x.max
{skeleton
	{bone revolute "basis"
		{orientation
			1 	 0 	 0
			0 	 -1 	 0
			0 	 0 	 1
		}
		{bone "body"
			{parameters "id=body;"}
			{matrix34
				0.9994 	 0 	 0.0349
				0 	 1 	 0
				-0.0349 	 0 	 0.9994
				0 	 0 	 0.7283
			}
			{VolumeView "body.ply"}
			{bone revolute "turret"
				{matrix34
					0.9994 	 0 	 -0.0349
					0 	 1 	 0
					0.0349 	 0 	 0.9994
					0.1327 	 0.1776 	 -0.7334
				}
				{bone revolute "gun_rot"
					{parameters "id=body;"}
					{Position 0.179 	 -0.1456 	 1.5157}
					{VolumeView "gun_rot.ply"}
					{bone revolute "gun"
						{parameters "id=body;"}
						{matrix34
							1 	 0 	 0
							0 	 0 	 1
							0 	 -1 	 0
							0.172 	 0 	 -0.0489
						}
						{VolumeView "gun.ply"}
						{bone "grip"
							{parameters "id=body;"}
							{matrix34
								1 	 0 	 0
								0 	 0 	 -1
								0 	 1 	 0
								7.634 	 15.6567 	 -0.0199
							}
							{LODView
								{VolumeView "grip.ply"}
								{VolumeView "grip_lod1.ply"}
							}
						}
					}
					{bone "bipod_base"
						{parameters "id=body;"}
						{Position 13.5012 	 0.0284 	 10.0848}
						{VolumeView "bipod_base.ply"}
						{bone "stan_l"
							{parameters "id=body;"}
							{matrix34
								0.7771 	 0 	 0.6293
								0 	 1 	 0
								-0.6293 	 0 	 0.7771
								-1.4851 	 1.2388 	 1.7844
							}
							{VolumeView "stan_l.ply"}
						}
						{bone "stan_r"
							{parameters "id=body;"}
							{matrix34
								0.7771 	 0 	 0.6293
								0 	 1 	 0
								-0.6293 	 0 	 0.7771
								-1.4851 	 -1.3707 	 1.7844
							}
							{VolumeView "stan_r.ply"}
						}
					}
				}
			}
		}
	}
}
