;Exported by:	 guita
;Date:			 04.12.2020 15:59:55
;File:			 D:\Git\3D_Scenes\GoH_3D_vehicles_ger\vehicles\tank_light\hetzer\hetzer_xx.max
{skeleton
	{bone revolute "basis"
		{orientation
			1 	 0 	 0
			0 	 -1 	 0
			0 	 0 	 1
		}
		{bone "body"
			{parameters "id=body;"}
			{Position 0.435 	 0.006 	 13.878}
			{VolumeView "body.ply"}
		}
		{bone revolute "part8"
			{parameters "id=trackright;"}
			{matrix34
				0.9863 	 0.1524 	 0.0627
				0.0311 	 0.2013 	 -0.979
				-0.1618 	 0.9676 	 0.1938
				-9.5444 	 -20.9695 	 10.4792
			}
			{VolumeView "part8.ply"}
		}
		{bone revolute "part7"
			{parameters "id=trackright;"}
			{matrix34
				0.9995 	 0.0006 	 0.0319
				0.0315 	 -0.1665 	 -0.9855
				0.0048 	 0.986 	 -0.1665
				-26.9098 	 -20.9791 	 9.9253
			}
			{VolumeView "part7.ply"}
		}
		{bone revolute "part6"
			{parameters "id=trackright;"}
			{matrix34
				0.9995 	 0.0006 	 0.0319
				0.0319 	 -0.0174 	 -0.9993
				0 	 0.9998 	 -0.0175
				9.3601 	 -21.0385 	 6.5293
			}
			{VolumeView "part6.ply"}
		}
		{bone revolute "part5"
			{parameters "id=trackleft;"}
			{matrix34
				0.9951 	 -0.0928 	 0.0334
				0.0319 	 -0.0174 	 -0.9993
				0.0933 	 0.9955 	 -0.0144
				26.58 	 20.8702 	 10.9015
			}
			{VolumeView "part5.ply"}
		}
		{bone revolute "part4"
			{parameters "id=trackright;radius=0.4;"}
			{matrix34
				0.9839 	 0.1789 	 -0.0032
				-0.0329 	 0.1635 	 -0.986
				-0.1758 	 0.9702 	 0.1667
				37.8506 	 -20.4892 	 14.844
			}
			{VolumeView "part4.ply"}
		}
		{bone revolute "part3"
			{parameters "id=part3;"}
			{matrix34
				0.9995 	 0.0006 	 0.0319
				0 	 0.9998 	 -0.0175
				-0.0319 	 0.0174 	 0.9993
				-39.5745 	 -20.6493 	 12.7417
			}
			{VolumeView "part3.ply"}
		}
		{bone revolute "part2"
			{parameters "id=part2;"}
			{matrix34
				0.9995 	 0.0006 	 0.0319
				0 	 0.9998 	 -0.0175
				-0.0319 	 0.0174 	 0.9993
				37.8545 	 20.5008 	 14.844
			}
			{VolumeView "part2.ply"}
		}
		{bone "part1"
			{parameters "id=part1;"}
			{matrix34
				0.9995 	 0.0006 	 0.0319
				0 	 0.9998 	 -0.0175
				-0.0319 	 0.0174 	 0.9993
				-40.3958 	 -4.7069 	 28.3221
			}
			{VolumeView "part1.ply"}
		}
	}
}
{volume "barrel"
	{cylinder 1.30123 45.7374}
	{bone "body"}
	{matrix34
		0.1784 	 0.9839 	 -0.0036
		0.1031 	 -0.0151 	 0.9946
		0.9785 	 -0.1778 	 -0.1041
		52.3575 	 -11.4566 	 11.4401
	}
}
{volume "body1"
	{polyhedron "body1.vol"}
	{bone "body"}
	{Position -0.2811 	 0.0056 	 2.4618}
}
{volume "body2"
	{polyhedron "body2.vol"}
	{bone "body"}
	{Position -1.843 	 0.012 	 16.524}
}
{volume "body3"
	{polyhedron "body3.vol"}
	{bone "body"}
	{matrix34
		0.9848 	 0 	 -0.1736
		-0.1736 	 0 	 -0.9848
		0 	 1 	 0
		27.0074 	 -6.9154 	 16.1114
	}
}
{volume "engine1"
	{polyhedron "engine1.vol"}
	{bone "body"}
	{Position -30.4633 	 0.0048 	 2.4618}
}
{volume "engine2"
	{polyhedron "engine2.vol"}
	{bone "body"}
	{Position -1.843 	 0.012 	 16.524}
}
{volume "mantlet1"
	{polyhedron "mantlet1.vol"}
	{bone "body"}
	{matrix34
		0.1802 	 0.9836 	 0.0038
		0.1136 	 -0.0247 	 0.9932
		0.9771 	 -0.1785 	 -0.1162
		35.2322 	 -8.419 	 13.1072
	}
}
{volume "mantlet2"
	{polyhedron "mantlet2.vol"}
	{bone "body"}
	{matrix34
		0.1802 	 0.9836 	 0.0038
		0.1136 	 -0.0247 	 0.9932
		0.9771 	 -0.1785 	 -0.1162
		35.2322 	 -8.419 	 13.1072
	}
}
{volume "mantlet3"
	{polyhedron "mantlet3.vol"}
	{bone "body"}
	{matrix34
		0.1802 	 0.9836 	 0.0038
		0.1136 	 -0.0247 	 0.9932
		0.9771 	 -0.1785 	 -0.1162
		35.2322 	 -8.419 	 13.1072
	}
}
{volume "mantlet4"
	{polyhedron "mantlet4.vol"}
	{bone "body"}
	{matrix34
		0.1802 	 0.9836 	 0.0038
		0.1136 	 -0.0247 	 0.9932
		0.9771 	 -0.1785 	 -0.1162
		35.2322 	 -8.419 	 13.1072
	}
}
{volume "part1"
	{polyhedron "part1.vol"}
	{bone "part1"}
	{Position -0.2667 	 0.9605 	 -0.1533}
}
{volume "trackleft1"
	{cylinder 6.24842 5.87062}
	{bone "part2"}
	{matrix34
		0.9995 	 0 	 -0.0319
		0.0319 	 -0.0175 	 0.9993
		-0.0006 	 -0.9998 	 -0.0174
		-0.0401 	 0.6756 	 0.0131
	}
}
{volume "trackleft2"
	{cylinder 8.20417 1.67313}
	{bone "part5"}
	{matrix34
		0 	 1 	 0
		1 	 0 	 0
		0 	 0 	 -1
		-0.0002 	 0 	 0.0714
	}
}
{volume "trackleft3"
	{cylinder 8.20417 1.67313}
	{bone "body"}
	{matrix34
		0.9519 	 0.2987 	 0.0686
		-0.0319 	 -0.126 	 0.9915
		0.3049 	 -0.946 	 -0.1104
		8.771 	 20.7287 	 -3.5466
	}
}
{volume "trackleft5"
	{cylinder 8.20417 1.67313}
	{bone "body"}
	{matrix34
		0.9872 	 -0.1558 	 0.0342
		-0.0004 	 0.212 	 0.9773
		-0.1595 	 -0.9648 	 0.2092
		-27.4725 	 20.9586 	 -4.7142
	}
}
{volume "trackleft6"
	{cylinder 6.35232 5.92287}
	{bone "body"}
	{matrix34
		0.9899 	 0.1414 	 0.0055
		-0.0166 	 0.0775 	 0.9969
		0.1405 	 -0.9869 	 0.0791
		-40.2366 	 21.1182 	 -1.1982
	}
}
{volume "trackright1"
	{cylinder 6.24842 5.87062}
	{bone "part4"}
	{matrix34
		0.9999 	 -0.0092 	 -0.0073
		-0.0092 	 -1 	 0.0009
		-0.0073 	 -0.0008 	 -1
		0.2232 	 0.3574 	 -0.8031
	}
}
{volume "trackright2"
	{cylinder 8.20417 1.67313}
	{bone "body"}
	{matrix34
		0.9802 	 -0.1976 	 -0.0125
		-0.031 	 -0.2155 	 0.976
		-0.1955 	 -0.9563 	 -0.2174
		26.146 	 -20.9515 	 -2.2456
	}
}
{volume "trackright3"
	{polyhedron "trackright3.vol"}
	{bone "part6"}
	{matrix34
		0.9522 	 0.3037 	 0.0337
		0.3039 	 -0.9527 	 0.0015
		0.0326 	 0.0088 	 -0.9994
		0.1341 	 0.4904 	 1.0243
	}
}
{volume "trackright4"
	{cylinder 8.20417 1.67313}
	{bone "part8"}
	{matrix34
		1 	 0 	 0
		0 	 -1 	 0
		0 	 0 	 -1
		0 	 0 	 0.0042
	}
}
{volume "trackright5"
	{cylinder 8.20417 1.67313}
	{bone "part7"}
	{matrix34
		0.9995 	 0.0319 	 -0.0006
		0.0319 	 -0.9995 	 0
		-0.0006 	 0 	 -1
		-0.0005 	 0 	 0.0041
	}
}
{volume "trackright6"
	{cylinder 6.35232 5.92287}
	{bone "part3"}
	{matrix34
		0.9995 	 0 	 -0.0319
		0.0319 	 -0.0175 	 0.9993
		-0.0006 	 -0.9998 	 -0.0174
		-0.0951 	 -0.6057 	 -0.0214
	}
}
