;Exported by:	 guita
;Date:			 30.11.2020 22:34:12
;File:			 D:\Git\3D_Scenes\GoH_3D_vehicles_ger\vehicles\tank_heavy\Ferdinand\ferdinand_export_xx.max
{skeleton
	{bone revolute "basis"
		{orientation
			1 	 0 	 0
			0 	 -1 	 0
			0 	 0 	 1
		}
		{bone "body"
			{parameters "id=body;"}
			{Position -0.8465 	 0.0394 	 35.5709}
			{VolumeView "body.ply"}
			{bone "cupola"
				{parameters "id=body;"}
				{matrix34
				1.2 	 0 	 0
				0 	 1.2 	 0
				0 	 0 	 1.2
				 -23.5 	 -23.5 	 9.5
				}
				{VolumeView "cupola.ply"}
			}
			{bone "comhatch"
				{parameters "id=body;"}
				{Position -30.1	-11.3	23}
				{VolumeView "comhatch.ply"}
			}
			{bone "mgarmormain"
				{parameters "id=body;"}
				{matrix34
				0.379 	 0 	 -1.2
				0 	 0.895 	 0
				2 	 0 	 0.379
				 51.965 	 -11.225 	 -10.44
				}
				{VolumeView "drvhatch.ply"}
			}
			{bone "mgarmorin1"
				{parameters "id=body;"}
				{matrix34
				0.048 	 0 	 1
				0 	 -0.1 	 0
				2 	 0 	 0.48
				 50.345 	 -8.74 	 -0.75
				}
				{VolumeView "drvhatch.ply"}
			}
			{bone "mgarmorin2"
				{parameters "id=body;"}
				{matrix34
				0.048 	 0 	 1
				0 	 -0.1 	 0
				2 	 0 	 0.048
				 50.345 	 -13.7 	 -0.75
				}
				{VolumeView "drvhatch.ply"}
			}
			{bone "mgarmorin3"
				{parameters "id=body;"}
				{matrix34
				0.05 	 0 	 0.2
				0 	 -0.85 	 0
				2 	 0 	 0.05
				 49.55 	 -11.65 	 -1.3
				}
				{VolumeView "drvhatch.ply"}
			}
			{bone "mgarmorin4"
				{parameters "id=body;"}
				{matrix34
				0.05 	 0 	 -0.2
				0 	 0.85 	 0
				2 	 0 	 0.05
				 50.11 	 -11.65 	 -7.25
				}
				{VolumeView "drvhatch.ply"}
			}
			{bone "mgarmoranglel"
				{parameters "id=body;"}
				{matrix34
					0.379	 0.2 	 -1.2
					0 	 0.2 	 0
					2 	 2 	 0.379
					 51.965 	 -14.925 	 -10.45
				}
				{VolumeView "drvhatch.ply"}
			}
			{bone "mgarmorangler"
				{parameters "id=body;"}
				{matrix34
					0.379	 -0.15 	 -1.2
					0 	 0.2 	 0
					2 	 -1.5 	 0.379
					 51.962	 -7.625 	 -10.45
				}
				{VolumeView "drvhatch.ply"}
			}
			{bone revolute "bolt1"
				{matrix34
					0.5 	 0 	 0
					-0.275 	 0 	 2
					0 	 -1.75 	 0.379
					48.25 	 -14.25 	 -8
				}
				{VolumeView "bolt.ply"}
			}
			{bone revolute "bolt2"
				{matrix34
					0.5 	 0 	 0
					-0.275 	 0 	 2
					0 	 -1.75 	 0.179
					48.25 	 -8.25 	 -8
				}
				{VolumeView "bolt.ply"}
			}
			{bone revolute "bolt3"
				{matrix34
					0.5 	 0 	 0
					-0.275 	 0 	 2
					0 	 -1.75 	 0
					48.75 	 -8.25 	 -12
				}
				{VolumeView "bolt.ply"}
			}
			{bone revolute "bolt4"
				{matrix34
					0.5 	 0 	 0
					-0.275 	 0 	 2
					0 	 -1.75 	 -0.379
					48.75 	 -14.25 	 -12
				}
				{VolumeView "bolt.ply"}
			}
			{bone revolute "bolt5"
				{matrix34
					0.5 	 0 	 0
					-0.275 	 0 	 2
					0 	 -1.75 	 0.379
					47.5 	 -16.8 	 -12
				}
				{VolumeView "bolt.ply"}
			}
			{bone "part1"
				{parameters "id=part1;"}
				{matrix34
					1 	 0 	 0
					0 	 0 	 -1
					0 	 1 	 0
					58.3599 	 -25.2727 	 -19.5711
				}
				{VolumeView "part1.ply"}
			}
			{bone "part2"
				{parameters "id=part2;"}
				{matrix34
					1 	 0 	 0
					0 	 0 	 -1
					0 	 1 	 0
					-55.6439 	 26.5312 	 -21.5533
				}
				{VolumeView "part2.ply"}
			}
		}
	}
}
{volume "barrel"
	{cylinder 1.82554 92.2682}
	{bone "body"}
	{matrix34
		-0.1858 	 -0.9824 	 0.0187
		0.1004 	 0 	 0.9949
		-0.9774 	 0.1868 	 0.0986
		42.3309 	 -8.2087 	 5.5598
	}
}
{volume "body1"
	{polyhedron "body1.vol"}
	{bone "body"}
	{Position 61.887 	 -0.0369 	 -15.0654}
}
{volume "body2"
	{polyhedron "body2.vol"}
	{bone "body"}
	{Position 50.1447 	 -0.0369 	 -17.1914}
}
{volume "body3"
	{polyhedron "body3.vol"}
	{bone "body"}
	{Position 43.536 	 -0.0226 	 -7.1874}
}
{volume "body4"
	{polyhedron "body4.vol"}
	{bone "body"}
	{Position -27.4498 	 -0.0369 	 -17.1916}
}
{volume "body5"
	{polyhedron "body5.vol"}
	{bone "body"}
	{Position -30.9133 	 -0.0226 	 -7.1911}
}
{volume "body6"
	{polyhedron "body6.vol"}
	{bone "body"}
	{Position -31.3355 	 -0.026 	 11.0679}
}
{volume "engine1"
	{polyhedron "engine1.vol"}
	{bone "body"}
	{Position 21.0118 	 -0.0369 	 -19.9245}
}
{volume "engine2"
	{polyhedron "engine2.vol"}
	{bone "body"}
	{Position 21.0096 	 -0.0226 	 -7.1886}
}
{volume "mantlet1"
	{polyhedron "mantlet1.vol"}
	{bone "body"}
	{matrix34
		0.9774 	 -0.1868 	 -0.0986
		0.1858 	 0.9824 	 -0.0187
		0.1004 	 0 	 0.9949
		6.0784 	 -1.2822 	 9.1902
	}
}
{volume "part1"
	{cylinder 8.27902 7.14531}
	{bone "part1"}
	{matrix34
		1 	 0 	 0
		0 	 -1 	 0
		0 	 0 	 -1
		0.0266 	 -0.0061 	 -0.7253
	}
}
{volume "part2"
	{cylinder 8.27902 7.64674}
	{bone "part2"}
	{matrix34
		1 	 0 	 0
		0 	 -1 	 0
		0 	 0 	 -1
		-0.0095 	 0.0103 	 -0.7801
	}
}
{volume "trackleft1"
	{cylinder 8.27902 7.39603}
	{bone "body"}
	{matrix34
		1 	 0 	 0
		0 	 0 	 1
		0 	 -1 	 0
		58.3865 	 26.1448 	 -19.565
	}
}
{volume "trackleft2"
	{cylinder 7.28554 4.78424}
	{bone "body"}
	{matrix34
		0.9952 	 -0.098 	 0.0075
		0.0035 	 0.1115 	 0.9938
		-0.0983 	 -0.9889 	 0.1113
		41.8155 	 24.5558 	 -25.8546
	}
}
{volume "trackleft4"
	{cylinder 7.28554 4.78424}
	{bone "body"}
	{matrix34
		0.9987 	 0.0452 	 0.0216
		-0.0184 	 -0.0706 	 0.9973
		0.0466 	 -0.9965 	 -0.0697
		9.3005 	 25.1739 	 -26.6713
	}
}
{volume "trackleft5"
	{cylinder 7.28554 4.78424}
	{bone "body"}
	{matrix34
		0.9971 	 0.0761 	 0.0048
		-0.0143 	 0.1248 	 0.9921
		0.0749 	 -0.9893 	 0.1255
		-5.6801 	 25.439 	 -26.5245
	}
}
{volume "trackleft6"
	{cylinder 7.28554 4.78424}
	{bone "body"}
	{matrix34
		0.9827 	 -0.1805 	 0.0408
		-0.0564 	 -0.0819 	 0.995
		-0.1763 	 -0.9802 	 -0.0906
		-24.3842 	 25.6919 	 -26.8874
	}
}
{volume "trackleft7"
	{cylinder 7.28554 4.78424}
	{bone "body"}
	{matrix34
		0.9796 	 0.188 	 0.071
		-0.0865 	 0.076 	 0.9933
		0.1814 	 -0.9792 	 0.0907
		-38.8391 	 25.9722 	 -26.866
	}
}
{volume "trackright2"
	{cylinder 7.28554 4.78424}
	{bone "body"}
	{matrix34
		0.9932 	 0.1135 	 -0.0241
		0.0331 	 -0.0783 	 0.9964
		0.1112 	 -0.9904 	 -0.0815
		40.9664 	 -27.0178 	 -24.818
	}
}
{volume "trackright3"
	{cylinder 7.28554 4.78424}
	{bone "body"}
	{matrix34
		0.9938 	 -0.1047 	 -0.0383
		0.0475 	 0.0872 	 0.9951
		-0.1009 	 -0.9907 	 0.0916
		26.2538 	 -26.7418 	 -25.1154
	}
}
{volume "trackright4"
	{cylinder 7.28554 4.78424}
	{bone "body"}
	{matrix34
		0.9901 	 0.1377 	 0.0253
		-0.0188 	 -0.0478 	 0.9987
		0.1388 	 -0.9893 	 -0.0448
		8.0368 	 -26.4675 	 -25.4069
	}
}
{volume "trackright6"
	{cylinder 7.28554 4.78424}
	{bone "body"}
	{matrix34
		0.9852 	 0.168 	 0.0339
		-0.0142 	 -0.1173 	 0.993
		0.1708 	 -0.9788 	 -0.1132
		-25.1593 	 -25.7633 	 -26.0487
	}
}
{volume "trackright7"
	{cylinder 7.28554 4.78424}
	{bone "body"}
	{matrix34
		0.9942 	 -0.1053 	 -0.0197
		0.0338 	 0.1341 	 0.9904
		-0.1017 	 -0.9853 	 0.1369
		-40.1348 	 -25.4244 	 -26.4005
	}
}
{volume "trackright8"
	{cylinder 8.27902 7.7721}
	{bone "body"}
	{matrix34
		1 	 0 	 0
		0 	 0 	 1
		0 	 -1 	 0
		-55.6533 	 -26.2948 	 -21.5636
	}
}
