;Exported by:	 guita
;Date:			 26.04.2020 19:19:11
;File:			 D:\Git\3D_Scenes\GoH_3D_vehicles_rus\vehicles\cannon\f22\76mm_f22_xx.max
{skeleton
	{bone revolute "basis"
		{orientation
			1 	 0 	 0
			0 	 -1 	 0
			0 	 0 	 1
		}
		{bone "body"
			{parameters "id=body;"}
			{Position -0.2339 	 0 	 9.8016}
			{VolumeView "body.ply"}
			{bone revolute "turret"
				{parameters "id=body;"}
				{Position 0.0853 	 0.4243 	 2.5367}
				{VolumeView "turret.ply"}
				{bone revolute "gun_rot"
					{parameters "id=gun;"}
					{matrix34
						0.9986 	 0 	 0.0524
						-0.0486 	 0.3726 	 0.9267
						-0.0195 	 -0.928 	 0.3721
						-13.3784 	 -0.4243 	 6.8964
					}
					{VolumeView "gun_rot.ply"}
					{bone "gun"
						{parameters "id=gun;"}
						{matrix34
							1 	 0 	 0
							0 	 0 	 -1
							0 	 1 	 0
							25.4264 	 0.5374 	 0.1812
						}
						{VolumeView "gun.ply"}
					}
				}
				{bone "shield"
					{parameters "id=shield;"}
					{matrix34
						0.9822 	 -0.1843 	 0.0376
						0.1845 	 0.9828 	 -0.001
						-0.0368 	 0.0079 	 0.9993
						-1.1149 	 -0.4243 	 8.7068
					}
					{VolumeView "shield.ply"}
					{bone "shield_slider"
						{parameters "id=shield;"}
						{matrix34
							0.705 	 0.2627 	 0.6587
							-0.171 	 0.9644 	 -0.2015
							-0.6882 	 0.0294 	 0.7249
							-4.4679 	 -0.0555 	 4.0666
						}
						{VolumeView "shield_slider.ply"}
					}
				}
			}
			{bone "standr"
				{parameters "id=body;"}
				{matrix34
					0.9971 	 0 	 0.0755
					0 	 1 	 0
					-0.0755 	 0 	 0.9971
					-2.7354 	 -5.6144 	 -3.0787
				}
				{VolumeView "standr.ply"}
				{bone "latch"
					{parameters "id=body;"}
					{matrix34
						-0.8591 	 -0.5119 	 0
						0.5119 	 -0.8591 	 0
						0 	 0 	 1
						-15.6572 	 -9.7798 	 2.7743
					}
					{VolumeView "latch.ply"}
				}
			}
			{bone "part3"
				{parameters "id=body;"}
				{matrix34
					0.9976 	 0 	 -0.0692
					0 	 1 	 0
					0.0692 	 0 	 0.9976
					-2.6779 	 5.5306 	 -3.0787
				}
				{VolumeView "part3.ply"}
			}
		}
		{bone "pivot_front"
			{Position 0.1455 	 0.3359 	 8.5741}
			{bone revolute "part1"
				{parameters "id=wheelleft;"}
				{matrix34
					1 	 0 	 0
					0 	 0 	 -1
					0 	 1 	 0
					-0.1484 	 16.6151 	 2.9546
				}
				{VolumeView "part1.ply"}
			}
			{bone revolute "part2"
				{parameters "id=wheelright;"}
				{matrix34
					0.9889 	 -0.1435 	 0.0377
					0.1117 	 0.5527 	 -0.8258
					0.0976 	 0.8209 	 0.5626
					-0.1484 	 -16.5324 	 1.2585
				}
				{VolumeView "part2.ply"}
			}
		}
	}
}
{obstacle "obstacle"
	{obb2
		{center -1.10172 -0.0683107}
		{extent 11.63 18.3786}
		{axis 1 0}
	}
	{rotate}
}
{volume "barrel1"
	{cylinder 2.83111 34.3438}
	{bone "gun_rot"}
	{matrix34
		0 	 -1 	 0
		0 	 0 	 -1
		1 	 0 	 0
		11.0617 	 -2.4573 	 -0.2753
	}
}
{volume "barrel2"
	{cylinder 1.40208 71.1605}
	{bone "gun"}
	{matrix34
		0 	 -1 	 0
		0 	 0 	 1
		-1 	 0 	 0
		3.4693 	 0.0541 	 -0.1355
	}
}
{volume "body1"
	{box 5.32366 5.17322 23.7409}
	{bone "body"}
	{matrix34
		1 	 0 	 0
		0 	 0 	 1
		0 	 -1 	 0
		-0.7587 	 -0.0357 	 -0.7753
	}
}
{volume "body2"
	{box 13.8064 4.60194 8.13367}
	{bone "turret"}
	{matrix34
		0 	 1 	 0
		0 	 0 	 1
		1 	 0 	 0
		-1.8425 	 0.0776 	 2.0504
	}
}
{volume "part1"
	{cylinder 11.6174 3.64797}
	{bone "part1"}
	{matrix34
		-1 	 0 	 0
		0 	 1 	 0
		0 	 0 	 -1
		0.1507 	 0.2064 	 -0.9956
	}
}
{volume "part2"
	{cylinder 11.6174 3.64797}
	{bone "part2"}
	{matrix34
		-1 	 0 	 0
		0 	 1 	 0
		0 	 0 	 -1
		0.1507 	 0.2064 	 0.9453
	}
}
{volume "part3"
	{cylinder 1.77352 66.3888}
	{bone "part3"}
	{matrix34
		-0.2613 	 -0.9434 	 -0.2042
		-0.1855 	 -0.1586 	 0.9698
		-0.9473 	 0.2913 	 -0.1336
		-30.2395 	 10.8839 	 -0.701
	}
}
{volume "shield1"
	{box 0.572979 13.8621 24.4748}
	{bone "shield"}
	{matrix34
		0.866 	 0 	 0.5
		-0.5 	 0 	 0.866
		0 	 -1 	 0
		3.57 	 0.0265 	 -2.3211
	}
}
{volume "shield2"
	{box 0.572979 11.5055 34.7543}
	{bone "shield"}
	{matrix34
		0.866 	 0 	 0.5
		-0.5 	 0 	 0.866
		0 	 -1 	 0
		-2.7088 	 0.0416 	 8.6065
	}
}
{volume "standr"
	{cylinder 1.84996 69.4162}
	{bone "standr"}
	{matrix34
		0.5172 	 -0.8559 	 -0.0037
		-0.0935 	 -0.0608 	 0.9938
		-0.8507 	 -0.5136 	 -0.1115
		-29.8148 	 -18.3008 	 -0.8022
	}
}
