;Exported by:	 guita
;Date:			 20.09.2022 13:57:52
;File:			 D:\Git\3D_Scenes\GoH_3D_vehicles_ger\vehicles\tank_heavy\tiger H and E\Pz6 Tiger E_xx.max
{skeleton
	{bone "basis"
		{orientation
			1 	 0 	 0
			0 	 -1 	 0
			0 	 0 	 1
		}
		{bone "wheelsr"
			{parameters "wheelsr;id=trackright;"}
			{Position -0.1351 	 -26.1335 	 0}
			{bone prizmatic "suspension_r5"
				{limits -0.15 0.15}
				{speed 0.2}
				{Position -3.4419 	 -4.0472 	 9.2292}
				{bone revolute "wheelr6"
					{parameters "id=trackright;radius=0.49;"}
					{matrix34
						1 	 0 	 0
						0 	 0 	 -1
						0 	 1 	 0
						0 	 1.4 	 -0.001
					}
					{LODView
						{VolumeView "wheelr4.ply"}
						{VolumeView "wheelr4_lod1.ply"}
					}
				}
			}
			{bone prizmatic "suspension_r6"
				{limits -0.12 0.12}
				{speed 0.2}
				{Position -13.4789 	 -4.0472 	 9.2292}
				{bone revolute "wheelr7"
					{parameters "id=trackright;radius=0.49;"}
					{matrix34
						-0.5 	 0 	 0.866
						0.866 	 0 	 0.5
						0 	 1 	 0
						0 	 4.5496 	 -0.0011
					}
					{LODView
						{VolumeView "wheelr5.ply"}
						{VolumeView "wheelr5_lod1.ply"}
					}
				}
			}
			{bone prizmatic "suspension_r7"
				{limits -0.1 0.1}
				{speed 0.2}
				{Position -23.5037 	 -4.0472 	 9.2292}
				{bone revolute "wheelr8"
					{parameters "id=trackright;radius=0.49;"}
					{matrix34
						1 	 0 	 0
						0 	 0 	 -1
						0 	 1 	 0
						0 	 1.4 	 -0.001
					}
					{LODView
						{VolumeView "wheelr4.ply"}
						{VolumeView "wheelr4_lod1.ply"}
					}
				}
			}
			{bone prizmatic "suspension_r8"
				{limits -0.08 0.08}
				{speed 0.2}
				{Position -33.8013 	 -4.0472 	 9.2292}
				{bone revolute "wheelr9"
					{parameters "id=trackright;radius=0.49;"}
					{matrix34
						-0.5 	 0 	 -0.866
						-0.866 	 0 	 0.5
						0 	 1 	 0
						0 	 4.5496 	 -0.0011
					}
					{LODView
						{VolumeView "wheelr5.ply"}
						{VolumeView "wheelr5_lod1.ply"}
					}
				}
			}
			{bone prizmatic "suspension_r1"
				{limits -0.08 0.08}
				{speed 0.2}
				{Position 36.5225 	 -4.0472 	 9.2292}
				{bone revolute "wheelr2"
					{parameters "id=trackright;radius=0.49;"}
					{matrix34
						1 	 0 	 0
						0 	 0 	 -1
						0 	 1 	 0
						0 	 1.4 	 -0.001
					}
					{LODView
						{VolumeView "wheelr4.ply"}
						{VolumeView "wheelr4_lod1.ply"}
					}
				}
			}
			{bone prizmatic "suspension_r2"
				{limits -0.1 0.1}
				{speed 0.2}
				{Position 26.7975 	 -4.0472 	 9.2292}
			}
			{bone prizmatic "suspension_r3"
				{limits -0.12 0.12}
				{speed 0.2}
				{Position 16.5965 	 -4.0472 	 9.2292}
			}
			{bone prizmatic "suspension_r4"
				{limits -0.15 0.15}
				{speed 0.2}
				{Position 6.5829 	 -4.0472 	 9.2292}
				{bone revolute "part7"
					{parameters "id=trackright;radius=0.49;"}
					{matrix34
						1 	 0 	 0
						0 	 0 	 -1
						0 	 1 	 0
						0 	 4.5496 	 -0.0011
					}
					{LODView
						{VolumeView "wheelr5.ply"}
						{VolumeView "wheelr5_lod1.ply"}
					}
				}
			}
		}
		{bone "wheelsl"
			{parameters "wheelsl;id=trackleft;"}
			{Position -0.1351 	 25.8595 	 0}
			{bone prizmatic "suspension_l4"
				{limits -0.15 0.15}
				{speed 0.2}
				{Position 6.5829 	 -3.5788 	 9.2292}
				{bone revolute "wheell5"
					{parameters "id=trackleft;radius=0.49;"}
					{matrix34
						-0.5 	 0 	 0.866
						0.866 	 0 	 0.5
						0 	 1 	 0
						0 	 3.3434 	 -0.005
					}
					{LODView
						{VolumeView "wheellwp.ply"}
						{VolumeView "wheellwp_lod1.ply"}
					}
				}
			}
			{bone prizmatic "suspension_l5"
				{limits -0.15 0.15}
				{speed 0.2}
				{Position -3.4419 	 -3.5788 	 9.2292}
			}
			{bone prizmatic "suspension_l6"
				{limits -0.12 0.12}
				{speed 0.2}
				{Position -13.4789 	 -3.5788 	 9.2292}
			}
			{bone prizmatic "suspension_l7"
				{limits -0.1 0.1}
				{speed 0.2}
				{Position -23.5037 	 -3.5788 	 9.2292}
				{bone revolute "wheell8"
					{parameters "id=trackleft;radius=0.49;"}
					{matrix34
						1 	 0 	 0
						0 	 0 	 -1
						0 	 1 	 0
						0 	 6 	 0
					}
					{LODView
						{VolumeView "wheellzew.ply"}
						{VolumeView "wheellzew_lod1.ply"}
					}
				}
			}
			{bone prizmatic "suspension_l8"
				{limits -0.08 0.08}
				{speed 0.2}
				{Position -33.8013 	 -3.5788 	 9.2292}
				{bone revolute "wheell9"
					{parameters "id=trackleft;radius=0.49;"}
					{matrix34
						-0.5 	 0 	 0.866
						0.866 	 0 	 0.5
						0 	 1 	 0
						-0.0498 	 3.3434 	 -0.0914
					}
					{LODView
						{VolumeView "wheellwew.ply"}
						{VolumeView "wheellwew_lod1.ply"}
					}
				}
			}
			{bone prizmatic "suspension_l1"
				{limits -0.08 0.08}
				{speed 0.2}
				{Position 36.5225 	 -3.5788 	 9.2292}
				{bone revolute "wheell2"
					{parameters "id=trackleft;radius=0.49;"}
					{matrix34
						1 	 0 	 0
						0 	 0 	 -1
						0 	 1 	 0
						0 	 6 	 -0.0011
					}
					{LODView
						{VolumeView "wheellzew.ply"}
						{VolumeView "wheellzew_lod1.ply"}
					}
				}
			}
			{bone prizmatic "suspension_l2"
				{limits -0.1 0.1}
				{speed 0.2}
				{Position 26.7975 	 -3.5788 	 9.2292}
				{bone revolute "wheell3"
					{parameters "id=trackleft;radius=0.49;"}
					{matrix34
						1 	 0 	 0
						0 	 0 	 -1
						0 	 1 	 0
						0 	 3.3434 	 -0.0044
					}
					{LODView
						{VolumeView "wheellwew.ply"}
						{VolumeView "wheellwew_lod1.ply"}
					}
				}
			}
			{bone prizmatic "suspension_l3"
				{limits -0.12 0.12}
				{speed 0.2}
				{Position 16.5965 	 -3.5788 	 9.2292}
				{bone revolute "wheell4"
					{parameters "id=trackleft;radius=0.49;"}
					{matrix34
						1 	 0 	 0
						0 	 0 	 -1
						0 	 1 	 0
						0 	 6 	 -0.0011
					}
					{LODView
						{VolumeView "wheellzew.ply"}
						{VolumeView "wheellzew_lod1.ply"}
					}
				}
			}
		}
		{bone "body"
			{parameters "id=body;"}
			{matrix34
				0.9997 	 0.0004 	 -0.024
				0 	 0.9998 	 0.0175
				0.024 	 -0.0174 	 0.9996
				-4.9047 	 0.3097 	 21.026
			}
			{LODView
				{VolumeView "body.ply"}
				{VolumeView "body_lod1.ply"}
			}
			{bone revolute "turret"
				{parameters "id=turret;"}
				{speed 0.005}
				{matrix34
					0.9743 	 -0.2249 	 -0.0087
					0.225 	 0.9744 	 0
					0.0085 	 -0.002 	 1
					1.2083 	 -0.0925 	 14.6756
				}
				{LODView
					{VolumeView "turret.ply"}
					{VolumeView "turret_lod1.ply"}
				}
				{bone revolute "gun_rot"
					{parameters "id=gun;"}
					{limits -8 15}
					{speed 0.005}
					{matrix34
						0.9976 	 0 	 -0.0698
						0.0698 	 0 	 0.9976
						0 	 -1 	 0
						22.6108 	 1.1354 	 6.3753
					}
					{LODView
						{VolumeView "gun_rot.ply"}
						{VolumeView "gun_rot_lod1.ply"}
					}
					{bone "gun"
						{parameters "id=gun;"}
						{matrix34
							1 	 0 	 0
							0 	 0 	 -1
							0 	 1 	 0
							51.3173 	 0.0964 	 1.2166
						}
						{LODView
							{VolumeView "gun.ply"}
							{VolumeView "gun_lod1.ply"}
						}
					}
				}
				{bone "part8"
					{parameters "id=turret;"}
					{matrix34
						-0.7193 	 -0.6947 	 0
						0.6947 	 -0.7193 	 0
						0 	 0 	 1
						-7.0361 	 17.0322 	 20.2378
					}
					{VolumeView "part8.ply"}
				}
				{bone revolute "mgun_a_rot1"
					{parameters "id=turret;"}
					{limits -155 55}
					{terminator}
					{Position -8.5759 	 10.4351 	 18.9768}
					{LODView
						{VolumeView "mgun_a_rot1.ply"}
						{VolumeView "mgun_a_rot1_lod1.ply"}
					}
					{bone revolute "mgun_a_rot2"
						{parameters "id=turret;"}
						{limits -20 40}
						{matrix34
							0.9063 	 0 	 0.4226
							-0.4226 	 0 	 0.9063
							0 	 -1 	 0
							10.2839 	 -0.1065 	 -0.0813
						}
						{LODView
							{VolumeView "mgun_a_rot2.ply"}
							{VolumeView "mgun_a_rot2_lod1.ply"}
						}
					}
				}
			}
			{bone "shieldl1"
				{parameters "id=shieldl1;"}
				{Position 57.0057 	 26.7439 	 4.6074}
				{VolumeView "shieldl1.ply"}
			}
			{bone "shieldl2"
				{parameters "id=shieldl2;"}
				{Position 36.9196 	 33.4023 	 5.7351}
				{LODView
					{VolumeView "shieldl2.ply"}
					{VolumeView "shieldl2_lod1.ply"}
				}
			}
			{bone "shieldl4"
				{parameters "id=shieldl4;"}
				{Position -11.9414 	 33.4034 	 3.2941}
				{LODView
					{VolumeView "shieldl4.ply"}
					{VolumeView "shieldl4_lod1.ply"}
				}
			}
			{bone "part4"
				{parameters "id=shieldl6;"}
				{Position -52.4929 	 27.2649 	 -2.2949}
				{LODView
					{VolumeView "part4.ply"}
					{VolumeView "part4_lod1.ply"}
				}
			}
			{bone "shieldr5"
				{parameters "id=shieldr5;"}
				{Position -36.7521 	 -34.0309 	 2.0547}
				{LODView
					{VolumeView "shieldr5.ply"}
					{VolumeView "shieldr5_lod1.ply"}
				}
			}
			{bone "shieldr2"
				{parameters "id=shieldr2;"}
				{Position 36.9196 	 -34.0259 	 5.8011}
				{LODView
					{VolumeView "shieldr2.ply"}
					{VolumeView "shieldr2_lod1.ply"}
				}
			}
			{bone "part6"
				{parameters "id=shieldr7;"}
				{Position -54.165 	 -7.9049 	 5.6898}
				{LODView
					{VolumeView "part6.ply"}
					{VolumeView "part6_lod1.ply"}
				}
			}
			{bone revolute "wheelr10"
				{parameters "id=trackright;radius=0.34;"}
				{matrix34
					1 	 0 	 0
					0 	 0 	 -1
					0 	 1 	 0
					-42.7569 	 -27.4026 	 -10.0672
				}
				{LODView
					{VolumeView "wheelr10.ply"}
					{VolumeView "wheelr10_lod1.ply"}
				}
			}
			{bone revolute "wheelr1"
				{parameters "id=trackright;radius=0.46;"}
				{matrix34
					1 	 0 	 0
					0 	 0 	 -1
					0 	 1 	 0
					55.0788 	 -26.5984 	 -7.0052
				}
				{LODView
					{VolumeView "wheelr1.ply"}
					{VolumeView "wheelr1_lod1.ply"}
				}
			}
			{bone revolute "part2"
				{parameters "id=trackleft;radius=0.46;"}
				{matrix34
					1 	 0 	 0
					0 	 0 	 -1
					0 	 1 	 0
					55.0788 	 25.9713 	 -7.0053
				}
				{LODView
					{VolumeView "part2.ply"}
					{VolumeView "part2_lod1.ply"}
				}
			}
			{bone revolute "wheell10"
				{parameters "id=trackleft;radius=0.34;"}
				{matrix34
					1 	 0 	 0
					0 	 0 	 -1
					0 	 1 	 0
					-42.7569 	 26.7755 	 -10.0672
				}
				{LODView
					{VolumeView "wheell10.ply"}
					{VolumeView "wheell10_lod1.ply"}
				}
			}
			{bone "detail5"
				{parameters "id=body;"}
				{Position 38.47 	 6.6523 	 13.7719}
				{VolumeView "detail5.ply"}
			}
			{bone "part3"
				{parameters "id=body;"}
				{matrix34
					1 	 -0.0096 	 0.002
					0.0096 	 0.9171 	 -0.3986
					0.002 	 0.3986 	 0.9171
					37.3041 	 22.3688 	 13.0777
				}
				{LODView
					{VolumeView "part3.ply"}
					{VolumeView "part3_lod1.ply"}
				}
			}
			{bone revolute "mgun_h_rot2"
				{limits -15 12.5}
				{matrix34
					1 	 0 	 0
					0 	 0 	 1
					0 	 -1 	 0
					47.9969 	 -11.2706 	 9.7034
				}
				{bone revolute "mgun_h_rot1"
					{parameters "id=body;"}
					{limits -15 15}
					{matrix34
						1 	 0 	 0
						0 	 0 	 -1
						0 	 1 	 0
						0 	 0 	 0
					}
					{VolumeView "mgun_h_rot1.ply"}
				}
			}
			{bone "suspension_arms"
				{parameters "id=body;"}
				{Position 6.8006 	 -0.1778 	 -11.2928}
				{LODView
					{VolumeView "suspension_arms.ply"}
					{VolumeView "suspension_arms_lod1.ply"}
				}
			}
			{bone "detail11"
				{parameters "id=engine;"}
				{Position -49.9564 	 15.5849 	 4.5611}
				{VolumeView "detail11.ply"}
			}
			{bone "engine"
				{parameters "id=engine;"}
				{Position -36.7463 	 0 	 1.956}
				{LODView
					{VolumeView "engine.ply"}
					{VolumeView "engine_lod1.ply"}
				}
				{bone "engine_hatch1"
					{parameters "id=engine;"}
					{matrix34
						0.8339 	 0 	 -0.5519
						0 	 1 	 0
						0.5519 	 0 	 0.8339
						-3.0992 	 20.2639 	 11.6028
					}
					{LODView
						{VolumeView "engine_hatch1.ply"}
						{VolumeView "engine_hatch1_lod1.ply"}
					}
					{bone "engine_hatch1_detail"
						{parameters "id=engine;"}
						{matrix34
							0.9135 	 0 	 0.4067
							0 	 1 	 0
							-0.4067 	 0 	 0.9135
							-1.4025 	 3.4984 	 1.3412
						}
						{LODView
							{VolumeView "engine_hatch1_detail.ply"}
							{VolumeView "engine_hatch1_detail_lod1.ply"}
						}
					}
				}
				{bone "part5"
					{parameters "id=engine;"}
					{matrix34
						0.5948 	 0 	 -0.8039
						0 	 1 	 0
						0.8039 	 0 	 0.5948
						-3.0992 	 -20.8824 	 11.6028
					}
					{LODView
						{VolumeView "part5.ply"}
						{VolumeView "part5_lod1.ply"}
					}
					{bone "engine_hatch2_detail"
						{parameters "id=engine;"}
						{matrix34
							0.7771 	 0 	 0.6293
							0 	 1 	 0
							-0.6293 	 0 	 0.7771
							-1.4025 	 -3.5554 	 1.3412
						}
						{LODView
							{VolumeView "engine_hatch2_detail.ply"}
							{VolumeView "engine_hatch2_detail_lod1.ply"}
						}
					}
				}
			}
			{bone "driver_hatchr"
				{parameters "id=body;"}
				{matrix34
					1 	 0 	 0
					0 	 -0.5736 	 0.8192
					0 	 -0.8192 	 -0.5736
					37.3041 	 -23.0419 	 13.0777
				}
				{LODView
					{VolumeView "driver_hatchr.ply"}
					{VolumeView "driver_hatchr_lod1.ply"}
				}
			}
		}
	}
}
{volume "barrel1"
	{cylinder 1.86562 56.5205}
	{bone "gun_rot"}
	{matrix34
		0 	 0 	 -1
		0 	 1 	 0
		1 	 0 	 0
		51.4136 	 0.0034 	 1.2166
	}
}
{volume "barrel2"
	{cylinder 3.35811 21.8847}
	{bone "gun_rot"}
	{matrix34
		0 	 0 	 -1
		0 	 1 	 0
		1 	 0 	 0
		12.7396 	 0.0034 	 1.2166
	}
}
{volume "basket"
	{polyhedron "basket.vol"}
	{bone "turret"}
	{Position 0 	 0.0003 	 0}
}
{volume "body1"
	{polyhedron "body1.vol"}
	{bone "body"}
	{matrix34
		-1 	 0 	 0
		0 	 0 	 1
		0 	 1 	 0
		7.6085 	 -0.3097 	 0.2086
	}
}
{volume "body2"
	{polyhedron "body2.vol"}
	{bone "body"}
	{matrix34
		-1 	 0 	 0
		0 	 0 	 1
		0 	 1 	 0
		7.6085 	 -0.3097 	 0.2086
	}
}
{volume "cupola"
	{polyhedron "cupola.vol"}
	{bone "turret"}
	{Position -8.5542 	 10.4318 	 14.7297}
}
{volume "engine1"
	{polyhedron "engine1.vol"}
	{bone "engine"}
	{matrix34
		-1 	 0 	 0
		0 	 0 	 1
		0 	 1 	 0
		44.3548 	 -0.3096 	 -1.7473
	}
}
{volume "engine2"
	{polyhedron "engine2.vol"}
	{bone "engine"}
	{matrix34
		-1 	 0 	 0
		0 	 0 	 1
		0 	 1 	 0
		44.3548 	 -0.3096 	 -1.7473
	}
}
{volume "hatch"
	{polyhedron "hatch.vol"}
	{bone "part8"}
	{Position -1.5379 	 -6.5826 	 -1.8567}
}
{volume "mantlet"
	{polyhedron "mantlet.vol"}
	{bone "gun_rot"}
	{matrix34
		0 	 0 	 -1
		0 	 1 	 0
		1 	 0 	 0
		2.2483 	 -0.0189 	 0.0299
	}
}
{volume "part3"
	{cylinder 5.80744 4.61706}
	{bone "part3"}
	{matrix34
		0.9997 	 0 	 0.024
		-0.0002 	 1 	 0.0087
		-0.024 	 -0.0087 	 0.9997
		0.1039 	 -5.0336 	 -0.356
	}
}
{volume "part5"
	{box 10.4331 19.5554 1.81893}
	{bone "part5"}
	{matrix34
		0.9996 	 -0.014 	 0.024
		0.0136 	 0.9998 	 0.0161
		-0.0243 	 -0.0158 	 0.9996
		-4.5531 	 -0.0049 	 0.1327
	}
}
{volume "shieldl1"
	{box 15.47 16.5354 1.08268}
	{bone "shieldl1"}
	{matrix34
		0.9826 	 0 	 -0.1857
		0 	 1 	 0
		0.1857 	 0 	 0.9826
		-0.1611 	 -0.111 	 -0.0429
	}
}
{volume "shieldl2"
	{box 24.0043 5.90551 0.787402}
	{bone "shieldl2"}
	{matrix34
		0.9985 	 -0.0042 	 0.0547
		0.0337 	 0.8339 	 -0.5509
		-0.0432 	 0.5519 	 0.8328
		-0.0133 	 0.1238 	 -0.2882
	}
}
{volume "shieldl4"
	{box 24.5564 5.90551 0.787402}
	{bone "shieldl4"}
	{matrix34
		0.9985 	 -0.0042 	 0.0547
		0.0337 	 0.8339 	 -0.5509
		-0.0432 	 0.5519 	 0.8328
		-0.0345 	 0.1227 	 -0.3973
	}
}
{volume "shieldl6"
	{box 9.55764 15.1658 1.08268}
	{bone "part4"}
	{matrix34
		0.7071 	 0 	 0.7071
		0 	 1 	 0
		-0.7071 	 0 	 0.7071
		0.1175 	 0.0486 	 -1.4572
	}
}
{volume "shieldr2"
	{box 24.0043 5.90551 0.787402}
	{bone "shieldr2"}
	{matrix34
		0.9989 	 0.0015 	 0.0466
		0.0283 	 -0.8141 	 -0.58
		0.037 	 0.5807 	 -0.8133
		-0.0133 	 0.0846 	 -0.3541
	}
}
{volume "shieldr5"
	{box 25.0735 5.90551 0.787402}
	{bone "shieldr5"}
	{matrix34
		0.9989 	 -0.001 	 0.0468
		0.0264 	 -0.8141 	 -0.5801
		0.0387 	 0.5807 	 -0.8132
		0.0204 	 -0.1136 	 -0.3846
	}
}
{volume "shieldr7"
	{polyhedron "shieldr7.vol"}
	{bone "part6"}
	{matrix34
		0.9907 	 0 	 0.1359
		0 	 1 	 0
		-0.1359 	 0 	 0.9907
		1.9087 	 0.0249 	 -11.1775
	}
}
{volume "trackleft10"
	{cylinder 6.46158 5.26042}
	{bone "wheell10"}
	{matrix34
		-1 	 0 	 0
		0 	 -1 	 0
		0 	 0 	 1
		0 	 0 	 -0.2984
	}
}
{volume "trackleft1"
	{cylinder 8.66142 10.4882}
	{bone "wheelsl"}
	{matrix34
		-1 	 0 	 0
		0 	 0 	 1
		0 	 1 	 0
		50.1254 	 0.5594 	 13.1615
	}
}
{volume "trackleft2"
	{cylinder 8.14565 3.93701}
	{bone "wheell2"}
	{matrix34
		-1 	 0 	 0
		0 	 -1 	 0
		0 	 0 	 1
		0 	 -0.001 	 0.5892
	}
}
{volume "trackleft3"
	{cylinder 8.14565 8.85827}
	{bone "wheell3"}
	{matrix34
		-1 	 0 	 0
		0 	 -1 	 0
		0 	 0 	 1
		0 	 -0.0044 	 0.5568
	}
}
{volume "trackleft4"
	{cylinder 8.14565 3.93701}
	{bone "wheell4"}
	{matrix34
		0 	 -1 	 0
		1 	 0 	 0
		0 	 0 	 1
		0 	 -0.001 	 0.5892
	}
}
{volume "trackleft5"
	{cylinder 8.14565 8.85827}
	{bone "wheell5"}
	{matrix34
		-0.5 	 -0.866 	 0
		0.866 	 -0.5 	 0
		0 	 0 	 1
		0 	 -0.005 	 0.5568
	}
}
{volume "trackleft8"
	{cylinder 8.14565 3.93701}
	{bone "wheell8"}
	{matrix34
		0.866 	 0.5 	 0
		-0.5 	 0.866 	 0
		0 	 0 	 1
		0 	 -0.0011 	 0.5892
	}
}
{volume "trackleft9"
	{cylinder 8.14565 8.85827}
	{bone "wheell9"}
	{matrix34
		-0.866 	 -0.5 	 0
		0.5 	 -0.866 	 0
		0 	 0 	 1
		0.0542 	 0.0889 	 0.5568
	}
}
{volume "trackright10"
	{cylinder 6.46158 5.26042}
	{bone "wheelr10"}
	{matrix34
		-1 	 0 	 0
		0 	 -1 	 0
		0 	 0 	 1
		0 	 0 	 0.3263
	}
}
{volume "trackright1"
	{cylinder 8.66142 10.4882}
	{bone "wheelr1"}
	{matrix34
		-0.9997 	 0.024 	 0
		-0.024 	 -0.9996 	 0.0175
		0.0004 	 0.0174 	 0.9998
		-0.0052 	 -0.2168 	 -0.7101
	}
}
{volume "trackright2"
	{cylinder 8.14565 3.93701}
	{bone "wheelr2"}
	{matrix34
		-1 	 0 	 0
		0 	 -1 	 0
		0 	 0 	 1
		0 	 -0.001 	 -0.7208
	}
}
{volume "trackright4"
	{cylinder 8.66142 8.97638}
	{bone "part7"}
	{matrix34
		-1 	 0 	 0
		0 	 -0.9981 	 0.061
		0 	 0.061 	 0.9981
		0 	 0.0978 	 -0.2418
	}
}
{volume "trackright6"
	{cylinder 8.14565 3.93701}
	{bone "wheelr6"}
	{matrix34
		0.5 	 -0.866 	 0
		0.866 	 0.5 	 0
		0 	 0 	 1
		0 	 -0.001 	 -0.7208
	}
}
{volume "trackright7"
	{cylinder 8.14565 8.85827}
	{bone "wheelr7"}
	{matrix34
		0.5 	 0.866 	 0
		-0.866 	 0.5 	 0
		0 	 0 	 1
		0.0009 	 0.0005 	 -0.4384
	}
}
{volume "trackright8"
	{cylinder 8.14565 3.93701}
	{bone "wheelr8"}
	{matrix34
		-0.5 	 -0.866 	 0
		0.866 	 -0.5 	 0
		0 	 0 	 1
		0 	 -0.001 	 -0.7208
	}
}
{volume "trackright9"
	{cylinder 8.14565 8.85827}
	{bone "wheelr9"}
	{matrix34
		0.866 	 -0.5 	 0
		0.5 	 0.866 	 0
		0 	 0 	 1
		-0.0009 	 0.0006 	 -0.4384
	}
}
{volume "turret1"
	{polyhedron "turret1.vol"}
	{bone "turret"}
	{Position 0 	 -0.0364 	 0}
}
{volume "turret2"
	{cylinder 23.4413 2.0432}
	{bone "turret"}
	{Position 0 	 -0.0364 	 -0.2846}
}
