;Exported by:	 guita
;Date:			 17.02.2022 18:40:03
;File:			 D:\Git\3D_Scenes\GoH_3D_vehicles_ger\vehicles\cannon\47mm_pakt\47mm_pakt.max
{skeleton
	{animation
		{sequence "recoil" {speed 0.85}}
		{sequence "close" {speed 0.6}}
		{sequence "shell_eject" {speed 0.7}}
		{sequence "aim_v" {speed 1}{resume}}
		{sequence "aim_h" {speed 1}{resume}}
	}
	{bone revolute "basis"
		{parameters "wheelradius=0.5;"}
		{orientation
			1 	 0 	 0
			0 	 -1 	 0
			0 	 0 	 1
		}
		{bone "body"
			{parameters "id=body;"}
			{animation
				{sequence "repair" {file "body_r.anm"}{speed 0.6}}
			}
			{Position 0 	 -0.0035 	 6.7126}
			{VolumeView "body.ply"}
			{bone "standr"
				{parameters "id=body;"}
				{matrix34
					0.9051 	 0.4226 	 0.0474
					-0.422 	 0.9063 	 -0.0221
					-0.0523 	 0 	 0.9986
					-2.5591 	 -5.2524 	 -0.2362
				}
				{VolumeView "standr.ply"}
				{bone "standr_back"
					{parameters "id=body;"}
					{Position -35.2806 	 -0.3518 	 0.589}
					{VolumeView "standr_back.ply"}
				}
			}
			{bone revolute "turret"
				{parameters "id=body;"}
				{Position -2.7851 	 0.0056 	 3.4568}
				{VolumeView "turret.ply"}
				{bone "shield"
					{parameters "id=shield;"}
					{matrix34
						0.9986 	 0 	 0.0523
						0 	 1 	 0
						-0.0523 	 0 	 0.9986
						8.3097 	 -0.0042 	 6.2433
					}
					{VolumeView "shield.ply"}
				}
				{bone "visor2"
					{Position -8.3979 	 -7.7753 	 10.8828}
				}
				{bone "visor"
					{Position 8.5441 	 5.0525 	 10.8828}
				}
				{bone revolute "gun_rot"
					{parameters "id=gun;"}
					{animation
						{sequence "repair" {file "gun_r.anm"}{speed 0.6}}
					}
					{matrix34
						1 	 0 	 0
						0 	 0 	 1
						0 	 -1 	 0
						-0.3126 	 -0.0061 	 5.1056
					}
					{VolumeView "gun_rot.ply"}
					{bone "gun"
						{parameters "id=gun;"}
						{matrix34
							1 	 0 	 0
							0 	 0 	 -1
							0 	 1 	 0
							0.0071 	 0.0006 	 0
						}
						{VolumeView "gun.ply"}
						{bone "foresight1"
							{Position 44.7597 	 0.0077 	 -0.1602}
						}
						{bone "fx_invers"
							{matrix34
								-1 	 0 	 0
								0 	 -1 	 0
								0 	 0 	 1
								-8.5118 	 0.0078 	 -0.1603
							}
						}
						{bone "breech"
							{parameters "id=gun;"}
							{Position -6.0888 	 -0.0029 	 0.0627}
							{VolumeView "breech.ply"}
						}
						{bone "lever"
							{parameters "id=gun;"}
							{Position -5.1289 	 -1.8296 	 -1.6359}
							{VolumeView "lever.ply"}
						}
					}
				}
				{bone "telo"
					{parameters "id=body;"}
					{matrix34
						0.9986 	 0 	 0.0523
						0 	 1 	 0
						-0.0523 	 0 	 0.9986
						3.6971 	 -0.0107 	 5.6069
					}
					{VolumeView "telo.ply"}
				}
				{bone "aim_wheel1"
					{parameters "id=body;"}
					{matrix34
						0.9986 	 0 	 0.0523
						0 	 1 	 0
						-0.0523 	 0 	 0.9986
						-4.3408 	 6.6318 	 1.9369
					}
					{VolumeView "aim_wheel1.ply"}
				}
				{bone "aim_wheel2"
					{parameters "id=body;"}
					{Position -6.0141 	 4.8208 	 0.7361}
					{VolumeView "aim_wheel2.ply"}
				}
			}
			{bone "standl"
				{matrix34
					0.856 	 -0.515 	 0.0449
					-0.5143 	 -0.8572 	 -0.027
					-0.0523 	 0 	 0.9986
					-2.5591 	 5.2791 	 -0.2362
				}
				{VolumeView "standl.ply"}
				{bone "standl_back"
					{matrix34
						0.9945 	 -0.1045 	 0
						0.1045 	 0.9945 	 0
						0 	 0 	 1
						-35.1241 	 3.3379 	 0.589
					}
					{VolumeView "standl_back.ply"}
				}
				{bone "detail1"
					{orientation
						-0.9945 	 0.1045 	 0
						0.1045 	 0.9945 	 0
						0 	 0 	 -1
					}
					{VolumeView "detail1.ply"}
				}
			}
		}
		{bone "link1"
			{Position -39.3444 	 0 	 11.2008}
		}
		{bone "emit2"
			{parameters "group=gunner;"}
			{Position -36.3677 	 -9.3213 	 0}
		}
		{bone "emit1"
			{Position -25.4795 	 9.9996 	 0}
		}
		{bone "seat2"
			{matrix34
				-0.2008 	 -0.9796 	 0
				0.9796 	 -0.2008 	 0
				0 	 0 	 1
				-2.7852 	 -3.8845 	 1.4764
			}
		}
		{bone "seat1"
			{matrix34
				-0.0863 	 0.9963 	 0
				-0.9963 	 -0.0863 	 0
				0 	 0 	 1
				-7.8319 	 3.369 	 3.5162
			}
		}
		{bone "charger"
			{Position -29.6646 	 -9.2298 	 0.0408}
		}
		{bone "gunner"
			{Position -18.5609 	 9.8837 	 0.0408}
		}
		{bone "driver2"
			{matrix34
				0.98 	 0.1992 	 0
				-0.1992 	 0.98 	 0
				0 	 0 	 1
				-14.1164 	 -11.3602 	 0
			}
		}
		{bone "driver1"
			{parameters "group=commander;"}
			{matrix34
				0.9825 	 -0.1862 	 0
				0.1862 	 0.9825 	 0
				0 	 0 	 1
				-14.7199 	 8.0525 	 0
			}
		}
		{bone "fxtracel1"
			{matrix34
				-1 	 0.0054 	 0
				-0.0054 	 -1 	 0
				0 	 0 	 1
				0 	 11.631 	 0
			}
		}
		{bone "fxtracer1"
			{matrix34
				-1 	 0.0054 	 0
				-0.0054 	 -1 	 0
				0 	 0 	 1
				0 	 -11.6241 	 0
			}
		}
		{bone "pivot_front"
			{parameters "id=body;"}
			{matrix34
				0.9986 	 0 	 0.0523
				0 	 1 	 0
				-0.0523 	 0 	 0.9986
				0 	 -0.0035 	 6.7204
			}
			{VolumeView "pivot_front.ply"}
			{bone revolute "wheelr"
				{parameters "id=wheelright;"}
				{matrix34
					0.9986 	 0 	 -0.0523
					-0.0523 	 0 	 -0.9986
					0 	 1 	 0
					0 	 -11.1418 	 0
				}
				{VolumeView "wheelr.ply"}
			}
			{bone revolute "wheell"
				{parameters "id=wheelleft;"}
				{matrix34
					0.9986 	 0 	 -0.0523
					-0.0523 	 0 	 -0.9986
					0 	 1 	 0
					0 	 11.1817 	 0
				}
				{VolumeView "wheell.ply"}
			}
		}
		{bone "commander"
			{Position -45.2054 	 14.4645 	 0.0408}
		}
		{bone "charger2"
			{Position -48.3494 	 -9.4064 	 0.0408}
		}
		{bone "emit3"
			{parameters "group=gunner;"}
			{Position -55.2897 	 -9.5542 	 0}
		}
		{bone "emit4"
			{parameters "group=gunner;"}
			{Position -52.495 	 14.8989 	 0}
		}
		{bone "seat3"
			{matrix34
				-0.2008 	 -0.9796 	 0
				0.9796 	 -0.2008 	 0
				0 	 0 	 1
				-30.1852 	 -4.6778 	 1.4764
			}
		}
		{bone "seat4"
			{matrix34
				-0.0863 	 0.9963 	 0
				-0.9963 	 -0.0863 	 0
				0 	 0 	 1
				-30.2291 	 7.6886 	 1.4764
			}
		}
		{bone "driver4"
			{parameters "group=commander;"}
			{Position -33.9012 	 7.1108 	 0}
		}
		{bone "driver3"
			{parameters "group=commander;"}
			{Position -33.9391 	 -7.1651 	 0}
		}
	}
}
{obstacle "close"
	{obb2
		{center -19.2021 -0}
		{extent 12.5906 4.78253}
		{axis 1 0}
	}
	{rotate}
	{Tags "close"}
}
{obstacle "obstacle"
	{obb2
		{center 7.15256e-006 -0.017251}
		{extent 6.805 12.2897}
		{axis 1 0}
	}
	{rotate}
}
{obstacle "openl"
	{obb2
		{center -29.0479 -17.8885}
		{extent 25.7454 1.33431}
		{axis 0.906401 0.422418}
	}
	{rotate}
	{Tags "open"}
}
{obstacle "openr"
	{obb2
		{center -29.0479 17.708}
		{extent 1.43106 25.7502}
		{axis 0.423139 0.906065}
	}
	{rotate}
	{Tags "open"}
}
{volume "barrel1"
	{cylinder 1.14692 32.7141}
	{bone "gun_rot"}
	{matrix34
		0 	 -1 	 0
		0 	 0 	 -1
		1 	 0 	 0
		12.1 	 2.2722 	 -0.0142
	}
}
{volume "barrel2"
	{cylinder 1.14692 46.0762}
	{bone "gun"}
	{matrix34
		0 	 1 	 0
		0 	 0 	 1
		1 	 0 	 0
		20.8371 	 -0.0013 	 -0.182
	}
}
{volume "barrel3"
	{box 6.3108 3.272 3.55818}
	{bone "gun"}
	{Position -5.3564 	 0.0087 	 -0.5563}
}
{volume "body1"
	{box 2.06688 19.994 3.30318}
	{bone "body"}
	{Position -0.0224 	 0.0044 	 0.1049}
}
{volume "body2"
	{box 3.09908 12.1963 3.30318}
	{bone "body"}
	{Position -2.6204 	 0.0044 	 0.1049}
}
{volume "body3"
	{box 9.46525 5.20559 4.43705}
	{bone "turret"}
	{Position 1.9254 	 -0.0671 	 1.3449}
}
{volume "hole1"
	{box 2.90624 8.89391 0.91111}
	{bone "shield"}
	{matrix34
		0 	 1 	 0
		0 	 0 	 1
		1 	 0 	 0
		-0.0825 	 0.0124 	 0.3162
	}
}
{volume "select"
	{box 22.0482 24.5727 16.1896}
	{bone "basis"}
	{Position 0 	 0.0206 	 8.0948}
}
{volume "shield"
	{polyhedron "shield.vol"}
	{bone "shield"}
	{Position -0.1064 	 0.0449 	 0.0355}
}
{volume "standl1"
	{box 19.5925 1.19894 2.01781}
	{bone "standl_back"}
	{matrix34
		0.9901 	 0.0101 	 0.14
		-0.015 	 0.9993 	 0.0334
		-0.1395 	 -0.0352 	 0.9896
		-9.4563 	 0.2028 	 -2.0237
	}
}
{volume "standl"
	{box 33.7741 1.19894 2.01781}
	{bone "standl"}
	{matrix34
		0.9945 	 -0.1045 	 0
		-0.1045 	 -0.9945 	 0
		0 	 0 	 1
		-18.064 	 1.9008 	 0.047
	}
}
{volume "standr1"
	{box 19.5925 1.19894 2.01781}
	{bone "standr_back"}
	{matrix34
		0.9902 	 -0.0002 	 0.1397
		0.0014 	 -0.9999 	 -0.0116
		-0.1397 	 -0.0117 	 0.9901
		-9.5153 	 0.0763 	 -2.0237
	}
}
{volume "standr"
	{box 33.7741 1.19894 2.01781}
	{bone "standr"}
	{matrix34
		1 	 0 	 0
		0 	 -1 	 0
		0 	 0 	 1
		-18.1842 	 -0.0417 	 0.047
	}
}
{volume "wheelleft"
	{cylinder 6.805 1.29921}
	{bone "wheell"}
	{matrix34
		1 	 0 	 0
		0 	 -1 	 0
		0 	 0 	 -1
		0 	 0 	 0.4792
	}
}
{volume "wheelright"
	{cylinder 6.805 1.29921}
	{bone "wheelr"}
	{matrix34
		1 	 0 	 0
		0 	 -1 	 0
		0 	 0 	 -1
		0 	 0 	 -0.4709
	}
}
