;Exported by:	 guita
;Date:			 28.04.2022 17:36:26
;File:			 D:\Git\3D_Scenes\GoH_3D_vehicles_fin\3d vehicles\Cannon\75mm_pak9738\75mm_pstk9738_export.max
{skeleton
	{animation
		{sequence "recoil" {speed 0.9}}
		{sequence "close" {speed 0.4}}
		{sequence "shell_eject" {speed 0.6}}
		{sequence "aim_v" {speed 0.9}{resume}}
		{sequence "aim_h" {speed 0.9}{resume}}
	}
	{bone revolute "basis"
		{parameters "wheelradius=0.43;"}
		{orientation
			1 	 0 	 0
			0 	 -1 	 0
			0 	 0 	 1
		}
		{bone "charger"
			{matrix34
				0.9956 	 0.0941 	 0
				-0.0941 	 0.9956 	 0
				0 	 0 	 1
				-26.6861 	 -10.0396 	 -0.2998
			}
		}
		{bone "gunner"
			{matrix34
				0.997 	 -0.0776 	 0
				0.0776 	 0.997 	 0
				0 	 0 	 1
				-24.6002 	 8.7359 	 -0.2104
			}
		}
		{bone "driver2"
			{Position -22.374 	 -16.4645 	 0}
		}
		{bone "driver1"
			{Position -22.6476 	 16.5709 	 0}
		}
		{bone "emit1"
			{matrix34
				0.9744 	 -0.225 	 0
				0.225 	 0.9744 	 0
				0 	 0 	 1
				-31.094 	 10.4719 	 0
			}
		}
		{bone "emit2"
			{matrix34
				0.9703 	 0.2419 	 0
				-0.2419 	 0.9703 	 0
				0 	 0 	 1
				-31.5037 	 -7.9813 	 0
			}
		}
		{bone "link1"
			{Position -56.9401 	 0 	 11.2008}
		}
		{bone "emit3"
			{Position -50.166 	 -10.781 	 0}
		}
		{bone "emit4"
			{Position -51.5181 	 16.2941 	 0}
		}
		{bone "commander"
			{Position -47.7403 	 15.098 	 0}
		}
		{bone "charger2"
			{Position -47.8577 	 -10.7729 	 0}
		}
		{bone "driver4"
			{Position -45.968 	 11.1113 	 0}
		}
		{bone "driver3"
			{Position -46.1184 	 -11.3725 	 0}
		}
		{bone "seat1"
			{matrix34
				-0.162 	 0.9868 	 -0.0029
				-0.9866 	 -0.162 	 -0.0176
				-0.0178 	 0 	 0.9998
				-18.1864 	 7.3221 	 1.2489
			}
		}
		{bone "seat2"
			{matrix34
				-0.0549 	 -0.9985 	 -0.001
				0.9983 	 -0.0549 	 0.0178
				-0.0178 	 0 	 0.9998
				-23.0946 	 -5.8541 	 1.2569
			}
		}
		{bone "seat4"
			{matrix34
				-0.162 	 0.9868 	 -0.0029
				-0.9866 	 -0.162 	 -0.0176
				-0.0178 	 0 	 0.9998
				-35.9703 	 6.3445 	 1.2489
			}
		}
		{bone "seat3"
			{matrix34
				-0.0549 	 -0.9985 	 -0.001
				0.9983 	 -0.0549 	 0.0178
				-0.0178 	 0 	 0.9998
				-41.2922 	 -4.8013 	 1.2569
			}
		}
		{bone "body"
			{parameters "id=body;"}
			{animation
				{sequence "repair" {file "body_r.anm"}{speed 0.5}}
			}
			{matrix34
				1 	 0 	 -0.0038
				0 	 1 	 0
				0.0038 	 0 	 1
				-0.0541 	 0 	 7.9692
			}
			{VolumeView "body.ply"}
			{bone revolute "turret"
				{parameters "id=body;"}
				{Position -6.4942 	 0.0296 	 2.1548}
				{VolumeView "turret.ply"}
				{bone "shield"
					{parameters "id=shield;"}
					{Position 3.9558 	 0.1204 	 0.7}
					{VolumeView "shield.ply"}
				}
				{bone revolute "gun_rot"
					{parameters "id=gun;"}
					{animation
						{sequence "repair" {file "gun_r.anm"}{speed 0.5}}
					}
					{matrix34
						1 	 0 	 0
						0 	 0 	 1
						0 	 -1 	 0
						-0.5475 	 1.4704 	 6.3502
					}
					{VolumeView "gun_rot.ply"}
					{bone "gun"
						{parameters "id=gun;"}
						{matrix34
							1 	 0 	 0
							0 	 0 	 -1
							0 	 1 	 0
							14.3135 	 1.9092 	 1.2949
						}
						{VolumeView "gun.ply"}
						{bone "stopper1"
							{parameters "id=gun;"}
							{matrix34
								0 	 1 	 0
								-1 	 0 	 0
								0 	 0 	 1
								-29.3047 	 2.1412 	 -0.0727
							}
							{VolumeView "stopper1.ply"}
						}
						{bone "foresight1"
							{Position 29.6993 	 -0.0083 	 0.5371}
						}
						{bone "fx_invers"
							{matrix34
								-1 	 0 	 0
								0 	 0 	 1
								0 	 1 	 0
								-21.5119 	 -0.1514 	 0.5188
							}
						}
					}
					{bone "visor2"
						{matrix34
							1 	 0 	 0
							0 	 0 	 -1
							0 	 1 	 0
							7.113 	 2.4776 	 -5.2059
						}
					}
					{bone "visor"
						{matrix34
							1 	 0 	 0
							0 	 0 	 -1
							0 	 1 	 0
							7.113 	 2.4776 	 -5.2059
						}
					}
				}
				{bone revolute "aim_wheel2"
					{parameters "id=body;"}
					{matrix34
						0.4846 	 0.8747 	 0
						-0.8747 	 0.4846 	 0
						0 	 0 	 1
						-4.9795 	 9.0267 	 2.4801
					}
					{VolumeView "aim_wheel2.ply"}
				}
				{bone revolute "aim_wheel1"
					{parameters "id=body;"}
					{Position -0.0153 	 9.7937 	 3.6359}
					{VolumeView "aim_wheel1.ply"}
				}
			}
			{bone "pivot_front"
				{Position -0.8474 	 -0.04 	 -4.5606}
				{bone "fxtracer1"
					{matrix34
						-1 	 0 	 0
						0 	 -1 	 0
						0 	 0 	 1
						0.9015 	 17.83 	 -3.174
					}
				}
				{bone "fxtracel1"
					{matrix34
						-1 	 0 	 0
						0 	 -1 	 0
						0 	 0 	 1
						0.9015 	 -17.6633 	 -3.174
					}
				}
				{bone prizmatic "suspension_l1"
					{limits -0.05 0.05}
					{speed 0.075}
					{matrix34
						-1 	 0 	 0
						0 	 -1 	 0
						0 	 0 	 1
						0.899 	 15.739 	 4.7936
					}
					{bone revolute "wheell"
						{parameters "id=wheelleft;"}
						{matrix34
							-1 	 0 	 0
							0 	 0 	 -1
							0 	 -1 	 0
							0.0067 	 0.0062 	 -0.2725
						}
						{VolumeView "wheell.ply"}
					}
				}
				{bone prizmatic "suspension_r1"
					{limits -0.05 0.05}
					{speed 0.075}
					{matrix34
						-1 	 0 	 0
						0 	 -1 	 0
						0 	 0 	 1
						0.899 	 -15.5662 	 4.7936
					}
					{bone revolute "wheelr"
						{parameters "id=wheelright;"}
						{matrix34
							-1 	 0 	 0
							0 	 0 	 -1
							0 	 -1 	 0
							0.0067 	 -0.0397 	 -0.2725
						}
						{VolumeView "wheelr.ply"}
					}
				}
			}
			{bone "standl"
				{parameters "id=body;"}
				{Position -9.3626 	 8.4717 	 0.7414}
				{VolumeView "standl.ply"}
			}
			{bone "standr"
				{parameters "id=body;"}
				{Position -9.3253 	 -8.4737 	 0.4482}
				{VolumeView "standr.ply"}
			}
			{bone "shield_lower"
				{parameters "id=shield_lower;"}
				{matrix34
					0.9962 	 0 	 0.0872
					0 	 1 	 0
					-0.0872 	 0 	 0.9962
					4.6161 	 0 	 0.3581
				}
				{VolumeView "shield_lower.ply"}
				{bone "shield_lower2"
					{parameters "id=shield_lower;"}
					{matrix34
						0.976 	 0 	 0.218
						0 	 1 	 0
						-0.218 	 0 	 0.976
						0.2782 	 0 	 -0.7349
					}
					{VolumeView "shield_lower2.ply"}
				}
			}
		}
	}
}
{obstacle "obstacle"
	{obb2
		{center 0.00952673 -0.0463657}
		{extent 8.47385 18.9286}
		{axis 1 0}
	}
	{rotate}
}
{obstacle "close"
	{obb2
		{center -31.1881 0.152348}
		{extent 22.7143 3.90134}
		{axis 1 0}
	}
	{rotate}
	{Tags "close"}
}
{obstacle "openl"
	{obb2
		{center -25.5109 -16.5999}
		{extent 24.7089 1.80324}
		{axis 0.891115 0.453778}
	}
	{rotate}
	{Tags "open"}
}
{obstacle "openr"
	{obb2
		{center -25.9321 16.6468}
		{extent 1.81111 24.7095}
		{axis 0.454487 0.890753}
	}
	{rotate}
	{Tags "open"}
}
{volume "barrel1"
	{box 32.9049 3.46332 3.09796}
	{bone "gun_rot"}
	{matrix34
		1 	 0 	 0
		0 	 0 	 -1
		0 	 1 	 0
		5.6927 	 -0.4602 	 1.4144
	}
}
{volume "barrel2"
	{cylinder 1.88474 58.4657}
	{bone "gun"}
	{matrix34
		0 	 1 	 0
		0 	 0 	 1
		1 	 0 	 0
		-0.313 	 -0.0607 	 0.4143
	}
}
{volume "body1"
	{box 7.34025 29.361 3.0802}
	{bone "body"}
	{Position -5.2526 	 0 	 0.7488}
}
{volume "body2"
	{box 9.55939 7.11496 4.45638}
	{bone "body"}
	{Position -6.5796 	 0.1317 	 4.0713}
}
{volume "hole1"
	{box 3.728 1.9349 11.4425}
	{bone "shield"}
	{matrix34
		0 	 1 	 0
		-0.809 	 0 	 -0.5878
		-0.5878 	 0 	 0.809
		3.3487 	 -0.0982 	 5.1292
	}
}
{volume "hole2"
	{box 1.03981 4.09323 2.75394}
	{bone "shield"}
	{matrix34
		0 	 1 	 0
		-0.9998 	 0 	 -0.0175
		-0.0175 	 0 	 0.9998
		0.8604 	 6.5138 	 8.4131
	}
}
{volume "select"
	{box 32.2207 37.8758 18.2743}
	{bone "basis"}
	{Position -4.5245 	 0.0557 	 9.1372}
}
{volume "shield1"
	{polyhedron "shield1.vol"}
	{bone "shield"}
	{Position -0.9287 	 -0.283 	 6.9945}
}
{volume "shield2"
	{polyhedron "shield2.vol"}
	{bone "shield"}
	{Position -0.9287 	 -0.283 	 6.9945}
}
{volume "shield3"
	{polyhedron "shield3.vol"}
	{bone "shield"}
	{Position -0.9287 	 -0.283 	 6.9945}
}
{volume "shield_lower1"
	{box 0.407587 27.2176 7.18551}
	{bone "shield_lower"}
	{matrix34
		0.9344 	 0 	 0.3562
		0 	 1 	 0
		-0.3562 	 0 	 0.9344
		-0.8053 	 0.0177 	 2.7741
	}
}
{volume "shield_lower2"
	{box 0.407587 27.2176 6.53881}
	{bone "shield_lower2"}
	{matrix34
		-0.9532 	 0 	 0.3022
		0 	 1 	 0
		-0.3022 	 0 	 -0.9532
		-0.9021 	 0.0177 	 -3.0502
	}
}
{volume "standl"
	{box 44.4478 2.41058 2.54451}
	{bone "standl"}
	{matrix34
		0.8853 	 -0.4511 	 0.1132
		0.454 	 0.891 	 0
		-0.1009 	 0.0514 	 0.9936
		-19.8761 	 9.8048 	 -2.2642
	}
}
{volume "standr"
	{box 44.4478 2.41058 2.54451}
	{bone "standr"}
	{matrix34
		0.8853 	 0.4511 	 0.1132
		-0.454 	 0.891 	 0
		-0.1009 	 -0.0514 	 0.9936
		-19.9133 	 -9.8171 	 -1.971
	}
}
{volume "wheelleft"
	{cylinder 8.6913 2.41772}
	{bone "wheell"}
	{Position 0.0075 	 -0.1465 	 2.092}
}
{volume "wheelright"
	{cylinder 8.6913 2.41772}
	{bone "wheelr"}
	{Position 0.0075 	 -0.1465 	 -2.1068}
}
