;Exported by:	 guita
;Date:			 20.02.2022 10:33:26
;File:			 D:\Git\3D_Scenes\GoH_3D_vehicles_ger\vehicles\cannon\20mm_flak30\20mm_flak30_x.max
{skeleton
	{bone "basis"
		{parameters "wheelradius=0.42;"}
		{orientation
			1 	 0 	 0
			0 	 -1 	 0
			0 	 0 	 1
		}
		{bone "body"
			{parameters "id=body;"}
			{animation
				{sequence "break" {file "body_b.anm"}{speed 0.7}}
			}
			{matrix34
				1 	 0 	 0
				0 	 1 	 0
				0 	 0 	 1
				13.409 	 0.001 	 2.8867
			}
			{VolumeView "body.ply"}
			{bone revolute "turret"
				{parameters "id=body;"}
				{Position -11.1615 	 0.0026 	 0.0984}
				{VolumeView "turret.ply"}
				{bone revolute "gun_rot"
					{parameters "id=gun;"}
					{animation
						{sequence "break" {file "gun_b.anm"}{speed 0.7}}
					}
					{matrix34
						1 	 0 	 0
						0 	 0 	 1
						0 	 -1 	 0
						4.4637 	 -0.0039 	 10.9433
					}
					{VolumeView "gun_rot.ply"}
					{bone "gun_holder"
						{parameters "id=gun;"}
						{matrix34
							1 	 0 	 0
							0 	 0 	 -1
							0 	 1 	 0
							4.0942 	 -1.5889 	 0.0006
						}
						{VolumeView "gun_holder.ply"}
						{bone "gun"
							{parameters "id=gun;"}
							{Position 4.8411 	 0.0006 	 1.9941}
							{VolumeView "gun.ply"}
							{bone "magazine"
								{parameters "id=gun;"}
								{matrix34
									0.1736 	 0.9848 	 0
									0 	 0 	 -1
									-0.9848 	 0.1736 	 0
									-3.5702 	 0.609 	 -0.0148
								}
								{VolumeView "magazine.ply"}
							}
							{bone "bullet"
								{parameters "id=gun;"}
								{matrix34
									0 	 1 	 0
									-0.0006 	 0 	 1
									1 	 0 	 0.0006
									-2.0089 	 0.0042 	 0.0131
								}
								{VolumeView "bullet.ply"}
							}
							{bone "ize"
								{parameters "id=gun;"}
								{matrix34
									0 	 1 	 0
									-0.0006 	 0 	 1
									1 	 0 	 0.0006
									-7.6426 	 -0.3759 	 1.0493
								}
								{VolumeView "ize.ply"}
							}
						}
						{bone "ize2"
							{parameters "id=gun;"}
							{matrix34
								1 	 0 	 0.0006
								0 	 1 	 0
								-0.0006 	 0 	 1
								-8.7724 	 0.0047 	 1.6409
							}
							{VolumeView "ize2.ply"}
						}
					}
					{bone "fixing"
						{parameters "id=body;"}
						{matrix34
							0.0257 	 0.9997 	 0
							-0.9997 	 0.0257 	 0
							0 	 0 	 1
							8.8475 	 -3.6581 	 0
						}
						{VolumeView "fixing.ply"}
					}
				}
				{bone "kuplung"
					{parameters "id=body;"}
					{matrix34
						1 	 0 	 0.0006
						0 	 1 	 0
						-0.0006 	 0 	 1
						4.37 	 -0.0039 	 1.0716
					}
					{VolumeView "kuplung.ply"}
				}
				{bone "aim_h"
					{parameters "id=body;"}
					{matrix34
						1 	 0 	 0.0006
						0 	 1 	 0
						-0.0006 	 0 	 1
						-7.1606 	 0.0067 	 8.2192
					}
					{VolumeView "aim_h.ply"}
				}
				{bone "aim_v"
					{parameters "id=body;"}
					{matrix34
						1 	 0 	 0.0006
						0 	 1 	 0
						-0.0006 	 0 	 1
						-3.1422 	 -4.1484 	 10.4618
					}
					{VolumeView "aim_v.ply"}
				}
			}
			{bone "talp_l"
				{parameters "id=body;"}
				{matrix34
					1 	 0 	 0.0006
					0 	 1 	 0
					-0.0006 	 0 	 1
					-4.5571 	 12.238 	 -0.9267
				}
				{VolumeView "talp_l.ply"}
			}
			{bone "talp_r"
				{parameters "id=body;"}
				{matrix34
					-0.866 	 0.5 	 -0.0006
					-0.5 	 -0.866 	 -0.0003
					-0.0006 	 0 	 1
					-4.5571 	 -12.2853 	 -0.9267
				}
				{VolumeView "talp_r.ply"}
			}
			{bone "talp_back"
				{parameters "id=body;"}
				{matrix34
					-0.866 	 0.5 	 -0.0006
					-0.5 	 -0.866 	 -0.0003
					-0.0006 	 0 	 1
					-24.0464 	 -0.0086 	 -0.9393
				}
				{VolumeView "talp_back.ply"}
			}
		}
		{bone "trailer_body"
			{parameters "id=body;"}
			{matrix34
				0.9135 	 0 	 0.4067
				0 	 1 	 0
				-0.4067 	 0 	 0.9135
				-36.3898 	 0.0024 	 8.635
			}
			{VolumeView "trailer_body.ply"}
			{bone "wheelsl"
				{parameters "id=body;"}
				{matrix34
					0.9976 	 0 	 -0.0698
					0.0698 	 0 	 0.9976
					0 	 -1 	 0
					-4.0537 	 -13.0817 	 0.2957
				}
				{VolumeView "wheelsl.ply"}
				{bone "springl"
					{parameters "id=body;"}
					{matrix34
						-0.9986 	 0.0523 	 0
						0 	 0 	 1
						0.0523 	 0.9986 	 0
						4.0618 	 0.0135 	 0.732
					}
					{VolumeView "springl.ply"}
				}
			}
			{bone "wheelsr1"
				{parameters "id=body;"}
				{matrix34
					-0.9976 	 0 	 0.0698
					-0.0698 	 0 	 -0.9976
					0 	 -1 	 0
					-4.0537 	 13.1066 	 0.2956
				}
				{VolumeView "wheelsr1.ply"}
				{bone "springr"
					{parameters "id=body;"}
					{matrix34
						-0.9986 	 0.0523 	 0
						0 	 0 	 1
						0.0523 	 0.9986 	 0
						-4.0618 	 -0.0135 	 -0.7319
					}
					{VolumeView "springr.ply"}
				}
			}
		}
		{bone "pivot_front"
			{Position -36.3898 	 0 	 8.635}
			{bone revolute "wheelr1"
				{parameters "id=wheelleft;"}
				{matrix34
					-0.7155 	 0 	 0.6987
					0.6987 	 0 	 0.7155
					0 	 1 	 0
					0 	 -16.611 	 0
				}
				{VolumeView "wheelr1.ply"}
			}
			{bone revolute "wheell1"
				{parameters "id=wheelright;"}
				{matrix34
					-0.6987 	 0 	 0.7155
					0.7155 	 0 	 0.6987
					0 	 1 	 0
					0 	 16.6408 	 0
				}
				{VolumeView "wheell1.ply"}
			}
		}
	}
}
{volume "wheelleft"
	{cylinder 8.26772 4.23228}
	{bone "wheell1"}
	{matrix34
		1 	 0 	 0
		0 	 -1 	 0
		0 	 0 	 -1
		0 	 0 	 0.019
	}
}
{volume "wheelright"
	{cylinder 8.26772 4.23228}
	{bone "wheelr1"}
	{matrix34
		0 	 -1 	 0
		-1 	 0 	 0
		0 	 0 	 -1
		0 	 0 	 -0.019
	}
}
