;Exported by:	 guita
;Date:			 28.04.2022 21:51:55
;File:			 D:\Git\3D_Scenes\GoH_3D_vehicles_fin\3d vehicles\Cannon\47mm_pstk39\47mm_pstk39_export_xx.max
{skeleton
	{bone revolute "basis"
		{parameters "wheelradius=0.5;"}
		{orientation
			1 	 0 	 0
			0 	 -1 	 0
			0 	 0 	 1
		}
		{bone "body"
			{parameters "id=body;"}
			{matrix34
				0.9998 	 0.0175 	 0
				-0.0174 	 0.9997 	 -0.0175
				-0.0003 	 0.0174 	 0.9998
				-0.005 	 0 	 7.4578
			}
			{VolumeView "body.ply"}
			{bone revolute "turret"
				{parameters "id=body;"}
				{limits -31 31}
				{speed 0.008}
				{matrix34
					0.9505 	 0.309 	 -0.0333
					-0.3094 	 0.9509 	 -0.006
					0.0298 	 0.016 	 0.9994
					-1.7948 	 0.3306 	 5.2499
				}
				{VolumeView "turret.ply"}
				{bone revolute "part3"
					{parameters "id=part3;"}
					{matrix34
						0.8988 	 0 	 0.4384
						-0.4384 	 0 	 0.8988
						0 	 -1 	 0
						-1.6821 	 0.2471 	 6.3979
					}
					{VolumeView "part3.ply"}
					{bone "part4"
						{parameters "id=part4;"}
						{matrix34
							0.9951 	 -0.0101 	 -0.0986
							-0.0986 	 -0.2022 	 -0.9744
							-0.0101 	 0.9793 	 -0.2022
							4.0999 	 1.1153 	 0.0422
						}
						{VolumeView "part4.ply"}
						{bone "breech_handle"
							{parameters "id=gun;"}
							{Position -14.9265 	 -0.8361 	 1.5849}
							{VolumeView "breech_handle.ply"}
						}
						{bone "handle2"
							{parameters "id=gun;"}
							{Position -12.0929 	 -0.5869 	 1.5159}
							{VolumeView "handle2.ply"}
						}
						{bone "breech"
							{parameters "id=gun;"}
							{Position -15.5419 	 0.0586 	 -0.0361}
							{VolumeView "breech.ply"}
						}
					}
				}
				{bone "aim_ver"
					{parameters "id=body;"}
					{Position -1.1326 	 5.9366 	 3.9692}
					{VolumeView "aim_ver.ply"}
				}
				{bone "aim_hor"
					{parameters "id=body;"}
					{Position -4.1109 	 4.0671 	 1.8231}
					{VolumeView "aim_hor.ply"}
				}
			}
			{bone "part1"
				{parameters "id=part1;"}
				{matrix34
					0.8569 	 0.5145 	 0.033
					-0.5148 	 0.8573 	 0.0031
					-0.0267 	 -0.0196 	 0.9994
					-15.7085 	 11.5795 	 1.9816
				}
				{VolumeView "part1.ply"}
			}
			{bone "part2"
				{parameters "id=part2;"}
				{matrix34
					0.996 	 0.0868 	 0.0189
					-0.0868 	 0.9962 	 -0.0019
					-0.019 	 0.0002 	 0.9998
					-15.7085 	 -11.3032 	 1.9816
				}
				{VolumeView "part2.ply"}
			}
		}
		{bone "pivot_font"
			{Position -0.005 	 0 	 7.4578}
			{bone revolute "wheelr"
				{parameters "id=trackright;"}
				{matrix34
					1 	 0 	 0
					0 	 0 	 -1
					0 	 1 	 0
					-0.0047 	 -14.2127 	 0
				}
				{VolumeView "wheelr.ply"}
			}
			{bone revolute "wheell"
				{parameters "id=wheelleft;"}
				{matrix34
					1 	 0 	 0
					0 	 0 	 -1
					0 	 1 	 0
					0 	 14.5107 	 0
				}
				{VolumeView "wheell.ply"}
			}
		}
	}
}
{obstacle "obstacle"
	{obb2
		{center -6.71628 -0.0702314}
		{extent 8.80732 12.7034}
		{axis 1 0}
	}
	{rotate}
}
{volume "barrel1"
	{cylinder 1.44963 24.6052}
	{bone "part3"}
	{matrix34
		0 	 0 	 -1
		0 	 1 	 0
		1 	 0 	 0
		2.7725 	 -1.8473 	 0.095
	}
}
{volume "barrel2"
	{box 3.93654 3.29571 2.26717}
	{bone "part4"}
	{matrix34
		1 	 0 	 0
		0 	 0 	 1
		0 	 -1 	 0
		-15.4134 	 -0.1289 	 -0.1247
	}
}
{volume "barrel3"
	{polyhedron "barrel3.vol"}
	{bone "part4"}
	{Position 1.9905 	 -0.0926 	 0.0127}
}
{volume "body1"
	{polyhedron "body1.vol"}
	{bone "body"}
	{Position -3.6025 	 0.0943 	 1.828}
}
{volume "body2"
	{box 9.31168 1.65453 2.01781}
	{bone "body"}
	{matrix34
		0.9063 	 -0.4226 	 -0.0025
		0.4226 	 0.9063 	 -0.0011
		0.0027 	 0 	 1
		-11.2087 	 10.2712 	 1.9643
	}
}
{volume "body3"
	{box 9.07172 1.65453 2.01781}
	{bone "body"}
	{matrix34
		0.9224 	 0.3862 	 -0.0025
		-0.3862 	 0.9224 	 -0.0011
		0.0018 	 0.002 	 1
		-11.2087 	 -9.9133 	 1.9643
	}
}
{volume "body4"
	{box 9.33364 2.04069 1.64393}
	{bone "body"}
	{Position -3.1557 	 9.6038 	 -0.0935}
}
{volume "body5"
	{box 9.33364 2.04069 1.64393}
	{bone "body"}
	{Position -3.1557 	 -9.351 	 -0.0935}
}
{volume "body6"
	{cylinder 0.676229 20.7437}
	{bone "body"}
	{matrix34
		1 	 0 	 0
		0 	 0 	 1
		0 	 -1 	 0
		1.5356 	 0.1471 	 -0.3463
	}
}
{volume "body7"
	{box 2.13992 2.34446 5.30586}
	{bone "body"}
	{matrix34
		1 	 0 	 0
		0 	 0 	 1
		0 	 -1 	 0
		-1.2222 	 0.4112 	 4.1103
	}
}
{volume "body8"
	{polyhedron "body8.vol"}
	{bone "body"}
	{Position -2.4276 	 0.4076 	 8.7512}
}
{volume "hole1"
	{box 2.7176 6.16103 4.97946}
	{bone "body"}
	{matrix34
		0 	 -1 	 0
		0 	 0 	 1
		-1 	 0 	 0
		-2.4847 	 0.4161 	 9.3673
	}
}
{volume "standl1"
	{box 19.4181 1.79841 2.01781}
	{bone "part1"}
	{matrix34
		0.9623 	 -0.2413 	 0.1256
		-0.2399 	 -0.9704 	 -0.0257
		-0.1281 	 0.0054 	 0.9918
		-9.0622 	 2.5389 	 -1.0123
	}
}
{volume "standl2"
	{box 16.7007 1.79841 2.01781}
	{bone "part1"}
	{matrix34
		0.9136 	 -0.2414 	 0.3273
		-0.2296 	 -0.9704 	 -0.0751
		-0.3357 	 0.0065 	 0.9419
		-25.554 	 6.8941 	 -4.8312
	}
}
{volume "standr1"
	{box 19.4181 1.79841 2.01781}
	{bone "part2"}
	{matrix34
		0.9591 	 0.2538 	 0.1256
		0.2589 	 -0.9656 	 -0.0257
		-0.1147 	 -0.0571 	 0.9918
		-9.0366 	 -2.5007 	 -1.0123
	}
}
{volume "standr2"
	{box 16.7007 1.79841 2.01781}
	{bone "part2"}
	{matrix34
		0.9165 	 0.2301 	 0.3273
		0.2679 	 -0.9605 	 -0.0751
		-0.2971 	 -0.1565 	 0.9419
		-25.5796 	 -6.6569 	 -4.8312
	}
}
{volume "wheelleft"
	{cylinder 7.73917 1.61835}
	{bone "wheell"}
	{matrix34
		1 	 0 	 0
		0 	 -1 	 0
		0 	 0 	 -1
		-0.0047 	 0 	 0.2145
	}
}
{volume "wheelright"
	{cylinder 7.73917 1.61831}
	{bone "wheelr"}
	{matrix34
		1 	 0 	 0
		0 	 -1 	 0
		0 	 0 	 -1
		0 	 0 	 -0.134
	}
}
