;Exported by:	 guita
;Date:			 11.09.2023 16:52:36
;File:			 D:\Git\3D_Scenes\GoH_3D_vehicles_usa\vehicles\cannon\50mm_rocket_projector\50mm_rocket_projector_x.max
{skeleton
	{bone revolute "basis"
		{orientation
			1 	 0 	 0
			0 	 -1 	 0
			0 	 0 	 1
		}
		{bone "body"
			{parameters "id=body;"}
			{Position 0.0214 	 0 	 0.6149}
			{VolumeView "body.ply"}
			{bone revolute "turret"
				{limits -10 10}
				{speed 0.01}
				{Position 0.136 	 0.1772 	 -0.6179}
				{bone "gun_rot"
					{parameters "id=body;"}
					{Position -0.1378 	 -0.1772 	 0.5541}
					{VolumeView "gun_rot.ply"}
					{bone "gun"
						{parameters "id=body;"}
						{matrix34
							0.9951 	 0 	 0.0992
							0 	 1 	 0
							-0.0992 	 0 	 0.9951
							0 	 0 	 0
						}
						{VolumeView "gun.ply"}
						{bone revolute "shooter"
							{matrix34
								0.7345 	 0 	 0.6786
								0 	 1 	 0
								-0.6786 	 0 	 0.7345
								6.3531 	 0.1299 	 10.7958
							}
							{bone "rocket"
								{Position 9.8469 	 0 	 -0.1241}
								{VolumeView "rocket.ply"}
							}
						}
					}
					{bone "stan_l"
						{parameters "id=body;"}
						{matrix34
							0.9331 	 0.2983 	 -0.2009
							-0.2418 	 0.9339 	 0.2633
							0.2662 	 -0.1971 	 0.9436
							12.3288 	 1.5667 	 16.7597
						}
						{VolumeView "stan_l.ply"}
					}
					{bone "stan_r"
						{parameters "id=body;"}
						{matrix34
							0.9507 	 -0.2217 	 -0.217
							0.1804 	 0.9642 	 -0.1945
							0.2523 	 0.1457 	 0.9566
							12.3986 	 -1.1722 	 16.6733
						}
						{VolumeView "stan_r.ply"}
					}
				}
			}
		}
	}
}
