;Exported by:	 guita
;Date:			 18.02.2022 20:06:54
;File:			 D:\Git\3D_Scenes\GoH_3D_vehicles_ger\vehicles\cannon\28mm_PzB41\28mm_PzB41_export.max
{skeleton
	{animation
		{sequence "recoil" {speed 1}}
		{sequence "close" {speed 0.4}}
		{sequence "shell_eject" {speed 0.6}}
	}
	{bone revolute "basis"
		{parameters "wheelradius=0.29;"}
		{orientation
			1 	 0 	 0
			0 	 -1 	 0
			0 	 0 	 1
		}
		{bone "charger"
			{Position -26.6106 	 -9.5321 	 0}
		}
		{bone "driver2"
			{Position -17.8304 	 -12.1347 	 0}
		}
		{bone "driver1"
			{Position -18.6519 	 10.9989 	 0}
		}
		{bone "emit1"
			{Position -32.4485 	 3.6823 	 0}
		}
		{bone "emit2"
			{Position -28.8291 	 -9.8509 	 0}
		}
		{bone "driver3"
			{Position -45.0339 	 0.2813 	 0}
		}
		{bone "commander"
			{Position -45.0366 	 17.2438 	 0}
		}
		{bone "emit3"
			{Position -48.0155 	 18.8323 	 0}
		}
		{bone "link1"
			{Position -26.9524 	 0.0994 	 10.4221}
		}
		{bone "visor2"
			{Position 0.0391 	 -6.0613 	 12.9014}
		}
		{bone "seat3"
			{matrix34
				-0.0548 	 -0.9985 	 0.0029
				0.9985 	 -0.0548 	 0
				0 	 0.0029 	 1
				-14.6977 	 -5.2277 	 0
			}
		}
		{bone "seat2"
			{matrix34
				-0.0548 	 -0.9985 	 0.0029
				0.9985 	 -0.0548 	 0
				0 	 0.0029 	 1
				1.1883 	 -5.2496 	 0
			}
		}
		{bone "seat1"
			{matrix34
				-0.0404 	 0.9992 	 0.0057
				-0.9992 	 -0.0404 	 -0.0005
				-0.0002 	 -0.0057 	 1
				-4.726 	 2.7634 	 0
			}
		}
		{bone "pivot_front"
			{Position 0 	 0.0492 	 5.6369}
			{bone "fxtracel1"
				{matrix34
					-1 	 0 	 0
					0 	 -1 	 0
					0 	 0 	 1
					0.0001 	 10.1069 	 -5.6369
				}
			}
			{bone "fxtracer1"
				{matrix34
					-1 	 0 	 0
					0 	 -1 	 0
					0 	 0 	 1
					0 	 -10.6932 	 -5.6369
				}
			}
			{bone prizmatic "suspension_l1"
				{limits -0.02 0.02}
				{speed 0.02}
				{Position 0 	 10.1079 	 0}
				{bone revolute "wheell"
					{parameters "id=wheelleft;"}
					{orientation
						0.9816 	 0 	 0.1908
						0.1908 	 0 	 -0.9816
						0 	 1 	 0
					}
					{LODView
						{VolumeView "wheell.ply"}
						{VolumeView "wheell_lod1.ply"}
					}
				}
			}
			{bone prizmatic "suspension_r1"
				{limits -0.02 0.02}
				{speed 0.02}
				{Position 0 	 -10.2048 	 0}
				{bone revolute "wheelr"
					{parameters "id=wheelright;"}
					{orientation
						0.9816 	 0 	 0.1908
						0.1908 	 0 	 -0.9816
						0 	 1 	 0
					}
					{LODView
						{VolumeView "wheelr.ply"}
						{VolumeView "wheelr_lod1.ply"}
					}
				}
			}
		}
		{bone "body"
			{parameters "id=body;"}
			{animation
				{sequence "repair" {file "body_r.anm"}{speed 0.7}}
			}
			{Position 0 	 0.0008 	 5.6369}
			{LODView
				{VolumeView "body.ply"}
				{VolumeView "body_lod1.ply"}
			}
			{bone "cart"
				{parameters "id=body;"}
				{Position 2.2973 	 0.0295 	 1.7435}
				{LODView
					{VolumeView "cart.ply"}
					{VolumeView "cart_lod1.ply"}
				}
				{bone revolute "turret"
					{parameters "id=body;"}
					{limits -10 10}
					{speed 0.008}
					{Position -3.9784 	 0 	 0.4487}
					{VolumeView "turret.ply"}
					{bone revolute "gun_rot"
						{parameters "id=gun;"}
						{animation
							{sequence "repair" {file "gun_r.anm"}{speed 0.7}}
						}
						{limits -10 22}
						{speed 0.008}
						{matrix34
							1 	 0 	 0
							0 	 0 	 1
							0 	 -1 	 0
							-1.1282 	 0.1337 	 3.9085
						}
						{VolumeView "gun_rot.ply"}
						{bone "gun"
							{parameters "id=gun;"}
							{matrix34
								1 	 0 	 0
								0 	 0 	 -1
								0 	 1 	 0
								5.4042 	 0.0094 	 0.1576
							}
							{VolumeView "gun.ply"}
							{bone "lever2"
								{parameters "id=gun;"}
								{Position -12.3719 	 0.1736 	 1.566}
								{VolumeView "lever2.ply"}
							}
							{bone "lever"
								{parameters "id=gun;"}
								{Position -12.7303 	 0.7946 	 1.2368}
								{VolumeView "lever.ply"}
							}
							{bone "breech"
								{matrix34
									0.9997 	 0 	 0.0245
									0 	 1 	 0
									-0.0245 	 0 	 0.9997
									-13.292 	 0.2525 	 0.0945
								}
								{VolumeView "breech.ply"}
							}
							{bone "fx_invers"
								{matrix34
									-1 	 0 	 0
									0 	 0 	 1
									0 	 1 	 0
									-14.3401 	 -0.0061 	 -0.1157
								}
							}
							{bone "foresight1"
								{Position 22.4077 	 -0.0063 	 0.002}
							}
						}
						{bone "shield_rear"
							{parameters "id=shield2;"}
							{matrix34
								1 	 0 	 0
								0 	 0 	 -1
								0 	 1 	 0
								5.4042 	 0.0094 	 0.1576
							}
							{VolumeView "shield_rear.ply"}
						}
						{bone "visor"
							{matrix34
								1 	 0 	 0
								0 	 0 	 -1
								0 	 1 	 0
								-7.9391 	 2.3729 	 -2.7713
							}
						}
					}
					{bone "shield"
						{parameters "id=shield1;"}
						{matrix34
							0.9816 	 0 	 0.1908
							0 	 1 	 0
							-0.1908 	 0 	 0.9816
							4.1749 	 -0.0239 	 4.9489
						}
						{VolumeView "shield.ply"}
					}
					{bone "gunner"
						{matrix34
							0.9903 	 0 	 0.1392
							0 	 1 	 0
							-0.1392 	 0 	 0.9903
							-28.0523 	 3.4112 	 -7.4101
						}
					}
				}
				{bone "wheels"
					{parameters "id=body;"}
					{matrix34
						0.9816 	 0 	 0.1908
						0 	 1 	 0
						-0.1908 	 0 	 0.9816
						0.5157 	 -0.0129 	 -3.1793
					}
					{VolumeView "wheels.ply"}
				}
			}
			{bone "detail2"
				{parameters "id=body;"}
				{Position -11.4383 	 8.8781 	 -0.817}
				{LODView
					{VolumeView "detail2.ply"}
					{VolumeView "detail2_lod1.ply"}
				}
			}
			{bone "detail1"
				{parameters "id=body;"}
				{Position -11.4383 	 -8.8781 	 -0.817}
				{LODView
					{VolumeView "detail1.ply"}
					{VolumeView "detail1_lod1.ply"}
				}
			}
		}
	}
}
{obstacle "obstacle"
	{polygon2
		{radius 0}
		{vertex 5.68692 11.6884}
		{vertex -5.67231 11.6884}
		{vertex -25.0296 0.963068}
		{vertex -25.0296 -0.961497}
		{vertex -5.67231 -11.6868}
		{vertex 5.68692 -11.6868}
	}
	{rotate}
}
{volume "barrel1"
	{box 19.7758 1.93679 2.2371}
	{bone "gun_rot"}
	{Position -1.3231 	 -1.9656 	 0.1652}
}
{volume "barrel2"
	{polyhedron "barrel2.vol"}
	{bone "gun_rot"}
	{matrix34
		1 	 0 	 0
		0 	 0 	 -1
		0 	 1 	 0
		-12.9021 	 -0.3632 	 -3.0138
	}
}
{volume "barrel3"
	{polyhedron "barrel3.vol"}
	{bone "gun"}
	{Position 4.7309 	 -0.0064 	 0.0005}
}
{volume "barrel4"
	{box 4.006 2.07434 2.4013}
	{bone "gun"}
	{matrix34
		1 	 0 	 0
		0 	 0 	 1
		0 	 -1 	 0
		-12.4918 	 -0.0507 	 0.0217
	}
}
{volume "body1"
	{polyhedron "body1.vol"}
	{bone "body"}
	{matrix34
		0.9781 	 0 	 0.2079
		0 	 1 	 0
		-0.2079 	 0 	 0.9781
		-11.9973 	 0.0022 	 -1.5925
	}
}
{volume "hole1"
	{box 3.45984 6.52917 1.32401}
	{bone "shield"}
	{matrix34
		0 	 -1 	 0
		-0.5 	 0 	 0.866
		-0.866 	 0 	 -0.5
		-3.0256 	 0.1163 	 -2.017
	}
}
{volume "select"
	{box 19.3323 23.5228 15.2055}
	{bone "basis"}
	{Position -2.3716 	 -0.1127 	 7.7617}
}
{volume "shield1"
	{box 9.00828 8.56378 0.913904}
	{bone "shield"}
	{matrix34
		0 	 -1 	 0
		-0.5 	 0 	 0.866
		-0.866 	 0 	 -0.5
		-3.4901 	 -0.3483 	 -1.2389
	}
}
{volume "shield2"
	{polyhedron "shield2.vol"}
	{bone "turret"}
	{Position 0.1267 	 5.8885 	 4.2928}
}
{volume "shield3"
	{polyhedron "shield3.vol"}
	{bone "turret"}
	{Position 0.1267 	 -6.2857 	 4.2903}
}
{volume "shield_rear1"
	{box 0.909864 3.39207 6.07292}
	{bone "shield_rear"}
	{matrix34
		0.9205 	 0 	 0.3907
		-0.3907 	 0 	 0.9205
		0 	 -1 	 0
		-16.0426 	 3.0931 	 3.0399
	}
}
{volume "shield_rear2"
	{box 0.909864 2.9511 2.90134}
	{bone "shield_rear"}
	{matrix34
		0.9205 	 0 	 0.3907
		-0.3907 	 0 	 0.9205
		0 	 -1 	 0
		-14.8098 	 4.6789 	 0.1314
	}
}
{volume "wheelleft"
	{cylinder 5.78799 2.19232}
	{bone "wheell"}
	{matrix34
		0.9816 	 0.1908 	 0
		0.1908 	 -0.9816 	 0
		0 	 0 	 -1
		0 	 0 	 -0.1386
	}
}
{volume "wheelright"
	{cylinder 5.78799 2.19232}
	{bone "wheelr"}
	{matrix34
		0.9816 	 0.1908 	 0
		0.1908 	 -0.9816 	 0
		0 	 0 	 -1
		0 	 0 	 0.1417
	}
}
