;Exported by:	 guita
;Date:			 18.09.2023 16:58:09
;File:			 D:\Git\3D_Scenes\GoH_3D_vehicles_usa\vehicles\cannon\114mm_m1\114mm_M1_xx.max
{skeleton
	{bone revolute "basis"
		{parameters "wheelradius=0.32;"}
		{orientation
			1 	 0 	 0
			0 	 -1 	 0
			0 	 0 	 1
		}
		{bone "body"
			{parameters "id=body;"}
			{Position 0 	 0 	 12.6581}
			{VolumeView "body.ply"}
			{bone revolute "turret"
				{parameters "id=body;"}
				{matrix34
					0.9882 	 -0.1479 	 0.0409
					0.1507 	 0.9855 	 -0.0782
					-0.0288 	 0.0834 	 0.9961
					0.0715 	 0 	 4.0864
				}
				{VolumeView "turret.ply"}
				{bone revolute "gun_r"
					{parameters "id=body;"}
					{matrix34
						0.9253 	 0.1971 	 0.324
						-0.3475 	 0.0984 	 0.9325
						0.1519 	 -0.9754 	 0.1596
						-12.4691 	 4.147 	 11.0217
					}
					{VolumeView "gun_r.ply"}
				}
			}
			{bone "standr"
				{parameters "id=body;"}
				{matrix34
					1 	 -0.0039 	 0.0013
					0.0039 	 1 	 0
					-0.0013 	 0 	 1
					-2.5055 	 -9.633 	 3.1546
				}
				{VolumeView "standr.ply"}
			}
			{bone "standl"
				{parameters "id=body;"}
				{matrix34
					1 	 0.0065 	 -0.0016
					-0.0065 	 1 	 0.0001
					0.0016 	 -0.0001 	 1
					-2.5055 	 9.6359 	 3.1546
				}
				{VolumeView "standl.ply"}
			}
			{bone "part2"
				{parameters "id=part2;"}
				{matrix34
					0.9919 	 -0.112 	 -0.0599
					0.1031 	 0.9855 	 -0.1349
					0.0741 	 0.1277 	 0.989
					-12.4313 	 9.2392 	 21.6258
				}
				{VolumeView "part2.ply"}
			}
			{bone "part1"
				{parameters "id=part1;"}
				{Position 9.5067 	 -0.0004 	 -5.5245}
				{VolumeView "part1.ply"}
			}
		}
		{bone "pivot_front"
			{Position 0 	 0 	 12.6581}
			{bone prizmatic "suspension_l1"
				{limits -0.04 0.04}
				{speed 0.1}
				{Position 0 	 20 	 0}
				{bone revolute "wheell"
					{parameters "id=wheelleft;radius=0.32;"}
					{orientation
						0.9994 	 -0.0351 	 0
						0.0015 	 0.0428 	 -0.9991
						0.035 	 0.9985 	 0.0428
					}
					{VolumeView "wheell.ply"}
				}
			}
			{bone prizmatic "suspension_r1"
				{limits -0.04 0.04}
				{speed 0.1}
				{Position 0 	 -20 	 0}
				{bone revolute "wheelr"
					{parameters "id=wheelright;radius=0.32;"}
					{orientation
						0.9982 	 0.0601 	 0.0059
						0.0027 	 0.0538 	 -0.9985
						-0.0603 	 0.9967 	 0.0535
					}
					{VolumeView "wheelr.ply"}
				}
			}
		}
	}
}
{obstacle "obstacle"
	{obb2
		{center -0.854868 0.11465}
		{extent 8.52907 24.9583}
		{axis 1 0}
	}
	{rotate}
}
{volume "barrel1"
	{cylinder 2.89079 36.0205}
	{bone "gun_r"}
	{matrix34
		0 	 0 	 -1
		0 	 1 	 0
		1 	 0 	 0
		15.5454 	 0.0483 	 5.0748
	}
}
{volume "barrel2"
	{cylinder 1.52147 44.0295}
	{bone "gun_r"}
	{matrix34
		0 	 0 	 -1
		0 	 1 	 0
		1 	 0 	 0
		19.5948 	 -5.0126 	 5.0748
	}
}
{volume "barrel3"
	{cylinder 1.08644 43.1663}
	{bone "gun_r"}
	{matrix34
		0 	 0 	 -1
		0 	 1 	 0
		1 	 0 	 0
		19.3013 	 4.3366 	 3.6227
	}
}
{volume "barrel4"
	{cylinder 1.52147 43.1663}
	{bone "gun_r"}
	{matrix34
		0 	 0 	 -1
		0 	 1 	 0
		1 	 0 	 0
		19.3013 	 4.9186 	 6.3882
	}
}
{volume "barrel5"
	{cylinder 1.85648 17.6982}
	{bone "part2"}
	{matrix34
		-0.0007 	 1 	 -0.0093
		0.299 	 0.0091 	 0.9542
		0.9543 	 -0.0021 	 -0.299
		14.0973 	 -0.5865 	 -4.3885
	}
}
{volume "barrel6"
	{cylinder 1.85648 17.6982}
	{bone "turret"}
	{matrix34
		-0.0476 	 0.9988 	 0.0085
		0.4602 	 0.0144 	 0.8877
		0.8865 	 0.0462 	 -0.4604
		-0.2316 	 -4.5065 	 11.8928
	}
}
{volume "barrel7"
	{cylinder 2.68181 101.603}
	{bone "gun_r"}
	{matrix34
		0 	 0.0791 	 -0.9969
		0 	 0.9969 	 0.0791
		1 	 0 	 0
		25.0655 	 -0.0112 	 5.0893
	}
}
{volume "body1"
	{cylinder 7.67419 6.58907}
	{bone "body"}
	{Position 0 	 0 	 0.2043}
}
{volume "body2"
	{polyhedron "body2.vol"}
	{bone "body"}
	{Position 0 	 0 	 0.1998}
}
{volume "body3"
	{polyhedron "body3.vol"}
	{bone "turret"}
	{Position -4.7948 	 0 	 8.4141}
}
{volume "hole1"
	{polyhedron "hole1.vol"}
	{bone "turret"}
	{Position -10.2752 	 -0.0029 	 10.62}
}
{volume "hole2"
	{box 5.86935 8.09608 0.618061}
	{bone "turret"}
	{matrix34
		0 	 1 	 0
		-0.2588 	 0 	 0.9659
		0.9659 	 0 	 0.2588
		1.0327 	 17.6776 	 5.9345
	}
}
{volume "hole3"
	{box 5.86935 8.09608 0.618061}
	{bone "turret"}
	{matrix34
		0 	 1 	 0
		-0.2588 	 0 	 0.9659
		0.9659 	 0 	 0.2588
		1.0327 	 -17.672 	 5.9345
	}
}
{volume "part1"
	{box 12.5102 0.99323 12.1131}
	{bone "part1"}
	{matrix34
		-0.9629 	 -0.2033 	 0.1773
		0.1446 	 0.1658 	 0.9755
		-0.2277 	 0.965 	 -0.1303
		-0.1729 	 -0.0937 	 -0.0628
	}
}
{volume "shield1"
	{box 12.3449 12.1124 0.373061}
	{bone "turret"}
	{matrix34
		0 	 1 	 0
		-0.2588 	 0 	 0.9659
		0.9659 	 0 	 0.2588
		0.4609 	 14.1803 	 8.1785
	}
}
{volume "shield2"
	{box 12.3449 17.6002 0.373061}
	{bone "turret"}
	{matrix34
		0 	 1 	 0
		-0.2588 	 0 	 0.9659
		0.9659 	 0 	 0.2588
		-0.2789 	 -14.4018 	 10.822
	}
}
{volume "shield3"
	{box 2.34554 3.39148 0.373061}
	{bone "turret"}
	{matrix34
		0 	 1 	 0
		-0.2588 	 0 	 0.9659
		0.9659 	 0 	 0.2588
		1.8046 	 6.928 	 3.1122
	}
}
{volume "shield4"
	{box 2.34554 8.41088 0.373061}
	{bone "turret"}
	{matrix34
		0 	 1 	 0
		-0.2588 	 0 	 0.9659
		0.9659 	 0 	 0.2588
		1.1617 	 -7.1244 	 5.5062
	}
}
{volume "standl"
	{polyhedron "standl.vol"}
	{bone "standl"}
	{matrix34
		0.866 	 -0.5 	 0
		0.5 	 0.866 	 0
		0 	 0 	 1
		-32.6425 	 18.6885 	 -7.2323
	}
}
{volume "standr"
	{polyhedron "standr.vol"}
	{bone "standr"}
	{matrix34
		0.866 	 0.5 	 0
		-0.5 	 0.866 	 0
		0 	 0 	 1
		-32.637 	 -18.6981 	 -7.2323
	}
}
{volume "wheelleft"
	{cylinder 6.29921 7.86083}
	{bone "wheell"}
	{matrix34
		0.9984 	 0.0557 	 0.0055
		-0.056 	 0.993 	 0.104
		0.0003 	 -0.1041 	 0.9946
		0.0005 	 -0.154 	 0.0305
	}
}
{volume "wheelright"
	{cylinder 6.29921 7.86083}
	{bone "wheelr"}
	{matrix34
		0.993 	 0.0615 	 0.1006
		-0.0668 	 0.9965 	 0.0504
		-0.0972 	 -0.0567 	 0.9936
		-0.1437 	 -0.0839 	 -0.0299
	}
}
