;Exported by:	 guita
;Date:			 21.05.2022 15:20:51
;File:			 D:\Git\3D_Scenes\GoH_3D_vehicles_ger\vehicles\cannon\100mm_nbw35\100mm_nbw35.max
{skeleton
	{animation
		{sequence "close" {speed 0.7}}
	}
	{bone revolute "basis"
		{orientation
			1 	 0 	 0
			0 	 -1 	 0
			0 	 0 	 1
		}
		{bone "body"
			{parameters "id=body;"}
			{Position 0 	 0 	 0.0075}
			{VolumeView "body.ply"}
			{bone revolute "turret"
				{limits -10 10}
				{speed 0.01}
				{Position 0.1575 	 0.1772 	 -0.0104}
				{bone "gun_rot"
					{parameters "id=body;"}
					{Position -0.0577 	 -0.171 	 0.6767}
					{VolumeView "gun_rot.ply"}
					{bone "gun"
						{parameters "id=body;"}
						{matrix34
							0.9951 	 0 	 0.0992
							0 	 1 	 0
							-0.0992 	 0 	 0.9951
							0 	 -0.0062 	 0
						}
						{VolumeView "gun.ply"}
						{bone "grip"
							{parameters "id=body;"}
							{matrix34
								0.9951 	 0 	 -0.0992
								0 	 1 	 0
								0.0992 	 0 	 0.9951
								15.6531 	 0 	 17.6598
							}
							{VolumeView "grip.ply"}
							{bone "2"
								{parameters "id=body;"}
								{matrix34
									0.8829 	 0 	 -0.4695
									0 	 1 	 0
									0.4695 	 0 	 0.8829
									-2.3102 	 1.7515 	 0.7247
								}
								{VolumeView "2.ply"}
							}
							{bone "1"
								{parameters "id=body;"}
								{matrix34
									0.8529 	 0.2588 	 -0.4535
									-0.2285 	 0.9659 	 0.1215
									0.4695 	 0 	 0.8829
									-2.0889 	 -1.7141 	 1.1029
								}
								{VolumeView "1.ply"}
							}
						}
						{bone revolute "foresight"
							{matrix34
								0.5547 	 0 	 0.832
								-0.832 	 0 	 0.5547
								0 	 -1 	 0
								17.2345 	 -0.0756 	 25.8582
							}
						}
					}
					{bone "bipod_base"
						{parameters "id=body;"}
						{Position 13.8247 	 -0.0062 	 19.1249}
						{VolumeView "bipod_base.ply"}
						{bone "sight"
							{parameters "id=body;"}
							{matrix34
								0.9976 	 0 	 0.0698
								0 	 1 	 0
								-0.0698 	 0 	 0.9976
								0 	 4.8975 	 0
							}
							{VolumeView "sight.ply"}
						}
						{bone "lever_h"
							{parameters "id=body;"}
							{matrix34
								0.8387 	 0 	 0.5446
								-0.5446 	 0 	 0.8387
								0 	 -1 	 0
								0 	 -4.1101 	 0
							}
							{VolumeView "lever_h.ply"}
						}
						{bone "bipod_cent"
							{parameters "id=body;"}
							{matrix34
								0.8387 	 0 	 0.5446
								0 	 1 	 0
								-0.5446 	 0 	 0.8387
								3.8848 	 0 	 -5.9612
							}
							{VolumeView "bipod_cent.ply"}
							{bone "bipod_lower"
								{parameters "id=body;"}
								{VolumeView "bipod_lower.ply"}
								{bone "stan_l"
									{parameters "id=body;"}
									{Position 0.0056 	 2.1018 	 -0.2724}
									{VolumeView "stan_l.ply"}
									{bone "support1"
										{matrix34
											0.8387 	 0 	 -0.5446
											0 	 1 	 0
											0.5446 	 0 	 0.8387
											0.0055 	 8.1275 	 -16.19
										}
									}
								}
								{bone "stan_r"
									{parameters "id=body;"}
									{matrix34
										1 	 0 	 0
										0 	 0.866 	 -0.5
										0 	 0.5 	 0.866
										0.0057 	 -2.1254 	 -0.2724
									}
									{VolumeView "stan_r.ply"}
									{bone "support2"
										{matrix34
											0.8387 	 0.2723 	 -0.4717
											0 	 0.866 	 0.5
											0.5446 	 -0.4193 	 0.7263
											0.0055 	 0.5714 	 -18.3647
										}
									}
								}
							}
						}
					}
				}
				{bone "visor"
					{Position 9.9715 	 5.2863 	 24.49}
				}
				{bone "handle1"
					{matrix34
						0.1029 	 0.9947 	 0.0054
						-0.9933 	 0.103 	 -0.0521
						-0.0523 	 0 	 0.9986
						-0.0981 	 5.1342 	 0.1893
					}
				}
				{bone "handle2"
					{matrix34
						0.0383 	 -0.9993 	 0.002
						0.9979 	 0.0383 	 0.0523
						-0.0523 	 0 	 0.9986
						-0.0071 	 -4.7611 	 0.1941
					}
				}
				{bone "support3"
					{matrix34
						0.9986 	 0 	 0.0523
						0 	 1 	 0
						-0.0523 	 0 	 0.9986
						0.2351 	 0.0739 	 0.2068
					}
				}
				{bone "commander"
					{Position 7.474 	 14.7914 	 0.0029}
				}
				{bone "gunner"
					{Position -6.5244 	 -15.3456 	 0.0029}
				}
			}
		}
		{bone "emit1"
			{matrix34
				0.6772 	 0.7358 	 0
				-0.7358 	 0.6772 	 0
				0 	 0 	 1
				-1.3718 	 -15.1698 	 0
			}
		}
		{bone "emit2"
			{matrix34
				0.6374 	 -0.7705 	 0
				0.7705 	 0.6374 	 0
				0 	 0 	 1
				-1.2962 	 14.0959 	 0
			}
		}
		{bone "driver2"
			{Position -5.6604 	 0.2176 	 0}
		}
		{bone "driver1"
			{Position 20.5028 	 -7.6124 	 0}
		}
		{bone "visor2"
			{Position 5.8075 	 -13.1895 	 26.4612}
		}
		{bone "sandbag"
			{Position 26.8238 	 0 	 0}
		}
	}
}
{obstacle "close"
	{obb2
		{center 12.6336 -0.123855}
		{extent 17.2793 3.92167}
		{axis 1 0}
	}
	{rotate}
	{Tags "close"}
}
{obstacle "open"
	{polygon2
		{radius 0}
		{vertex 26.9302 -11.7041}
		{vertex 26.9302 11.7278}
		{vertex -5.30203 5.32738}
		{vertex -5.30203 -5.32738}
	}
	{Tags "open"}
	{rotate}
}
{volume "body1"
	{box 10.9213 16.204 2.18268}
	{bone "body"}
	{matrix34
		0.9948 	 0 	 -0.1022
		0 	 1 	 0
		0.1022 	 0 	 0.9948
		-0.0906 	 0.152 	 0.2841
	}
}
{volume "body2"
	{cylinder 1.60126 30.9091}
	{bone "gun"}
	{matrix34
		0.8332 	 0 	 -0.553
		0 	 1 	 0
		0.553 	 0 	 0.8332
		8.588 	 -0.0756 	 12.7043
	}
}
{volume "body3"
	{cylinder 0.683256 19.5581}
	{bone "stan_r"}
	{matrix34
		0.9298 	 0.3681 	 -0.006
		-0.3682 	 0.9298 	 -0.0031
		0.0044 	 0.0051 	 1
		-0.0141 	 0.0468 	 -8.6397
	}
}
{volume "body4"
	{cylinder 0.683256 19.5581}
	{bone "stan_l"}
	{matrix34
		-0.0453 	 0.8712 	 0.4888
		-0.999 	 -0.0362 	 -0.028
		-0.0067 	 -0.4896 	 0.8719
		0.0523 	 4.3678 	 -7.5365
	}
}
{volume "select"
	{box 28.4194 22.0907 21.511}
	{bone "basis"}
	{Position 8.2978 	 -0.2154 	 10.7555}
}
