;Exported by:	 guita
;Date:			 21.05.2022 15:46:56
;File:			 D:\Git\3D_Scenes\GoH_3D_vehicles_ger\vehicles\cannon\20cm_leLdgW\20cm_leLdgW.max
{skeleton
	{animation
		{sequence "close" {speed 0.7}}
	}
	{bone revolute "basis"
		{orientation
			1 	 0 	 0
			0 	 -1 	 0
			0 	 0 	 1
		}
		{bone "body"
			{parameters "id=body;"}
			{Position 0.0214 	 0 	 0.6149}
			{VolumeView "body.ply"}
			{bone revolute "turret"
				{limits -10 10}
				{speed 0.01}
				{Position 0.136 	 0.1772 	 -0.6179}
				{bone "gun_rot"
					{parameters "id=body;"}
					{Position -0.1378 	 -0.1772 	 0.5541}
					{VolumeView "gun_rot.ply"}
					{bone "gun"
						{parameters "id=body;"}
						{matrix34
							0.9951 	 0 	 0.0992
							0 	 1 	 0
							-0.0992 	 0 	 0.9951
							0 	 0 	 0
						}
						{VolumeView "gun.ply"}
						{bone revolute "foresight"
							{matrix34
								0.5547 	 0 	 0.832
								0.832 	 0 	 -0.5547
								0 	 1 	 0
								9.8752 	 -0.0756 	 22.224
							}
						}
						{bone revolute "shooter00"
							{matrix34
								0.4076 	 0 	 0.9132
								0 	 1 	 0
								-0.9132 	 0 	 0.4076
								6.396 	 0 	 14.5915
							}
							{bone "rocket00"
								{VolumeView "rocket00.ply"}
							}
						}
					}
					{bone "bipod_base"
						{parameters "id=body;"}
						{Position 11.8837 	 0.004 	 16.5797}
						{VolumeView "bipod_base.ply"}
						{bone "bipod_cent"
							{parameters "id=body;"}
							{matrix34
								0.8772 	 0 	 0.4801
								0 	 1 	 0
								-0.4801 	 0 	 0.8772
								4.1014 	 0.0131 	 -7.593
							}
							{VolumeView "bipod_cent.ply"}
							{bone "stan_l"
								{parameters "id=body;"}
								{matrix34
									0.9972 	 0 	 0.0751
									0 	 1 	 0
									-0.0751 	 0 	 0.9972
									0.068 	 1.9388 	 4.3537
								}
								{VolumeView "stan_l.ply"}
								{bone "support1"
									{matrix34
										0.8387 	 0 	 -0.5446
										0 	 1 	 0
										0.5446 	 0 	 0.8387
										-1.3075 	 8.6173 	 -15.0722
									}
								}
							}
							{bone "stan_r"
								{parameters "id=body;"}
								{matrix34
									0.9972 	 0 	 0.0751
									0.0375 	 0.866 	 -0.4986
									-0.065 	 0.5 	 0.8636
									0.0681 	 -2.0171 	 4.3537
								}
								{VolumeView "stan_r.ply"}
								{bone "support2"
									{matrix34
										0.8387 	 0.2723 	 -0.4717
										0 	 0.866 	 0.5
										0.5446 	 -0.4193 	 0.7263
										-1.3046 	 -0.0074 	 -17.4103
									}
								}
							}
						}
					}
				}
				{bone "visor"
					{Position 9.9715 	 5.2863 	 24.49}
				}
				{bone "handle1"
					{matrix34
						0.1029 	 0.9947 	 0.0054
						-0.9933 	 0.103 	 -0.0521
						-0.0523 	 0 	 0.9986
						-0.0981 	 5.1342 	 0.1893
					}
				}
				{bone "handle2"
					{matrix34
						0.0383 	 -0.9993 	 0.002
						0.9979 	 0.0383 	 0.0523
						-0.0523 	 0 	 0.9986
						-0.0071 	 -4.7611 	 0.1941
					}
				}
				{bone "support3"
					{matrix34
						0.9986 	 0 	 0.0523
						0 	 1 	 0
						-0.0523 	 0 	 0.9986
						0.2351 	 0.0739 	 0.2068
					}
				}
				{bone "gunner"
					{Position 3.6806 	 14.6143 	 0.0059}
				}
				{bone "commander"
					{Position 4.9367 	 -15.5228 	 0.0059}
				}
			}
		}
		{bone "emit2"
			{matrix34
				0.6772 	 0.7358 	 0
				-0.7358 	 0.6772 	 0
				0 	 0 	 1
				-1.3718 	 -15.3456 	 0
			}
		}
		{bone "emit1"
			{matrix34
				0.6374 	 -0.7705 	 0
				0.7705 	 0.6374 	 0
				0 	 0 	 1
				-1.2962 	 14.7914 	 0
			}
		}
		{bone "driver2"
			{Position -5.6604 	 0.2176 	 0}
		}
		{bone "driver1"
			{Position 20.5028 	 -7.6124 	 0}
		}
		{bone "visor2"
			{Position 5.8075 	 -13.1895 	 26.4612}
		}
		{bone "sandbag"
			{Position 26.8238 	 0 	 0}
		}
	}
}
{obstacle "close"
	{obb2
		{center 9.02556 -0.123855}
		{extent 13.3949 8.15708}
		{axis 1 0}
	}
	{rotate}
	{Tags "close"}
}
{obstacle "open"
	{polygon2
		{radius 0}
		{vertex 22.6005 -13.1424}
		{vertex 22.6005 13.166}
		{vertex -5.63422 8.36261}
		{vertex -5.63422 -8.36261}
	}
	{Tags "open"}
	{rotate}
}
{volume "body1"
	{box 10.9213 16.204 2.18268}
	{bone "body"}
	{matrix34
		0.9948 	 0 	 -0.1022
		0 	 1 	 0
		0.1022 	 0 	 0.9948
		-0.1121 	 0.152 	 -0.3233
	}
}
{volume "body2"
	{box 6.28099 14.8149 2.32124}
	{bone "gun"}
	{matrix34
		0.9163 	 0 	 -0.4004
		0.4004 	 0 	 0.9163
		0 	 -1 	 0
		5.2804 	 0.0488 	 6.9935
	}
}
{volume "body3"
	{cylinder 0.683256 19.5581}
	{bone "stan_r"}
	{matrix34
		0.9176 	 0.3942 	 -0.0511
		-0.395 	 0.9186 	 -0.0076
		0.0439 	 0.0271 	 0.9987
		-0.6022 	 -0.2959 	 -7.9375
	}
}
{volume "body4"
	{cylinder 0.683256 19.5581}
	{bone "stan_l"}
	{matrix34
		-0.0439 	 0.8552 	 0.5165
		-0.9966 	 -0.0736 	 0.037
		0.0697 	 -0.5131 	 0.8555
		-0.582 	 3.9144 	 -6.5351
	}
}
{volume "select"
	{box 28.4194 22.0907 21.511}
	{bone "basis"}
	{Position 8.2978 	 -0.2154 	 10.7555}
}
