;Exported by:	 guita
;Date:			 24.04.2022 17:43:26
;File:			 D:\Git\3D_Scenes\GoH_3D_vehicles_fin\3d vehicles\Cannon\75mm_itk37\75mm_itk37_xx.max
{skeleton
	{bone "basis"
		{parameters "wheelradius=0.32;"}
		{orientation
			1 	 0 	 0
			0 	 -1 	 0
			0 	 0 	 1
		}
		{bone "body"
			{parameters "id=body;"}
			{matrix34
				1 	 0 	 0
				0 	 0.9994 	 -0.0349
				0 	 0.0349 	 0.9994
				-0.0005 	 -0.0084 	 5.0121
			}
			{VolumeView "body.ply"}
			{bone "part2"
				{parameters "id=part2;"}
				{matrix34
					0.9703 	 -0.2418 	 -0.0084
					0.2419 	 0.9697 	 0.0339
					0 	 -0.0349 	 0.9994
					-0.0011 	 -7.3475 	 -2.9474
				}
				{VolumeView "part2.ply"}
			}
			{bone revolute "turret"
				{speed 0.007}
				{Position 0 	 0 	 3.3203}
				{bone "turreta"
					{parameters "id=body;"}
					{orientation
						0.9781 	 0.2078 	 0.0073
						-0.2071 	 0.9769 	 -0.0531
						-0.0181 	 0.0504 	 0.9986
					}
					{VolumeView "turreta.ply"}
					{bone revolute "part4"
						{parameters "id=part4;"}
						{matrix34
							0.9659 	 0 	 0.2588
							-0.2588 	 0 	 0.9659
							0 	 -1 	 0
							-15.2872 	 0 	 14.8374
						}
						{VolumeView "part4.ply"}
						{bone "part3"
							{parameters "id=part3;"}
							{matrix34
								0.9976 	 0 	 -0.0698
								-0.0689 	 -0.1564 	 -0.9853
								-0.0109 	 0.9877 	 -0.1561
								-5.0683 	 3.6498 	 1.901
							}
							{VolumeView "part3.ply"}
						}
					}
				}
			}
			{bone "part5"
				{parameters "id=body;"}
				{VolumeView "part5.ply"}
			}
		}
		{bone "pivot_front"
			{matrix34
				1 	 0 	 0
				0 	 1 	 0
				0 	 0 	 1
				41.0274 	 -0.0085 	 6.4247
			}
			{bone prizmatic "suspension_l1"
				{limits -0.06 0.06}
				{speed 0.12}
				{Position 0 	 17.7987 	 0}
				{bone revolute "wheell1"
					{parameters "id=wheelleft1;"}
					{matrix34
						0.9397 	 0 	 0.342
						0.342 	 0 	 -0.9397
						0 	 1 	 0
						0 	 0.3485 	 0
					}
					{VolumeView "wheell1.ply"}
				}
			}
			{bone prizmatic "suspension_r1"
				{limits -0.06 0.06}
				{speed 0.12}
				{Position 0 	 -17.7977 	 0}
				{bone revolute "wheelr1"
					{parameters "id=wheelright1;"}
					{matrix34
						-0.766 	 0 	 -0.6428
						-0.6428 	 0 	 0.766
						0 	 1 	 0
						0 	 -0.4168 	 0
					}
					{VolumeView "wheelr1.ply"}
				}
			}
			{bone "susp_front"
				{parameters "id=body;"}
				{Position -0.0086 	 0 	 6.3096}
				{VolumeView "susp_front.ply"}
			}
			{bone "trailer_front"
				{parameters "id=body;"}
				{VolumeView "trailer_front.ply"}
			}
		}
		{bone "pivot_back"
			{matrix34
				0.9816 	 0 	 -0.1908
				0 	 1 	 0
				0.1908 	 0 	 0.9816
				-59.1509 	 -0.0084 	 6.0587
			}
			{bone prizmatic "suspension_l2"
				{limits -0.06 0.06}
				{speed 0.12}
				{Position 0 	 17.8581 	 0}
				{bone revolute "wheell2"
					{parameters "id=wheelleft2;"}
					{matrix34
						-0.766 	 0 	 0.6428
						0.6428 	 0 	 0.766
						0 	 1 	 0
						0 	 0.3485 	 0
					}
					{VolumeView "wheell2.ply"}
				}
			}
			{bone prizmatic "suspension_r2"
				{limits -0.06 0.06}
				{speed 0.12}
				{Position 0 	 -17.7883 	 0}
				{bone revolute "wheelr2"
					{parameters "id=wheelright2;"}
					{matrix34
						-0.766 	 0 	 0.6428
						0.6428 	 0 	 0.766
						0 	 1 	 0
						0 	 -0.4168 	 0
					}
					{VolumeView "wheelr2.ply"}
				}
			}
			{bone "susp_back"
				{parameters "id=body;"}
				{Position -0.0198 	 0 	 6.5908}
				{VolumeView "susp_back.ply"}
			}
			{bone "trailer_back"
				{parameters "id=body;"}
				{Position 0 	 0 	 0}
				{VolumeView "trailer_back.ply"}
				{bone "part1"
					{parameters "id=part1;"}
					{matrix34
						0.891 	 0 	 0.454
						0 	 1 	 0
						-0.454 	 0 	 0.891
						-1.5168 	 -0.01 	 4.2987
					}
					{VolumeView "part1.ply"}
				}
			}
		}
	}
}
{obstacle "close1"
	{obb2
		{center 32.5777 -0.0744572}
		{extent 8.03603 12.2687}
		{axis 1 0}
	}
	{rotate}
	{rotate}
}
{obstacle "close2"
	{obb2
		{center -56.3057 -0.0744891}
		{extent 8.87569 12.2687}
		{axis 1 0}
	}
	{rotate}
	{rotate}
}
{obstacle "obstacle"
	{obb2
		{center 0.80032 0.293807}
		{extent 48.2303 5.13985}
		{axis 1 0}
	}
	{rotate}
}
{volume "barrel1"
	{box 40.042 3.82515 5.42911}
	{bone "part4"}
	{Position 13.4119 	 -0.9513 	 -0.0914}
}
{volume "barrel2"
	{cylinder 0.748686 19.61}
	{bone "part4"}
	{matrix34
		0 	 0 	 -1
		0 	 1 	 0
		1 	 0 	 0
		43.2259 	 -1.3838 	 0
	}
}
{volume "barrel3"
	{box 5.78364 5.75487 6.67104}
	{bone "part3"}
	{matrix34
		1 	 0 	 0
		0 	 0 	 1
		0 	 -1 	 0
		-5.4351 	 -0.4956 	 -0.3045
	}
}
{volume "barrel4"
	{polyhedron "barrel4.vol"}
	{bone "part3"}
	{Position 31.62 	 0 	 0.0222}
}
{volume "body1"
	{polyhedron "body1.vol"}
	{bone "body"}
	{Position 0.9327 	 -0.0979 	 -0.0858}
}
{volume "body2"
	{box 42.2166 5.7568 3.02601}
	{bone "part2"}
	{matrix34
		0 	 -1 	 0
		0 	 0 	 1
		-1 	 0 	 0
		-0.0531 	 -19.9386 	 2.8924
	}
}
{volume "body3"
	{box 42.2166 5.7568 3.02601}
	{bone "part5"}
	{matrix34
		0.4067 	 -0.913 	 -0.0319
		0 	 -0.0349 	 0.9994
		-0.9135 	 -0.4065 	 -0.0142
		-8.1999 	 25.523 	 0.5814
	}
}
{volume "body4"
	{box 31.3947 9.17255 13.0496}
	{bone "turreta"}
	{matrix34
		1 	 0 	 0
		0 	 0 	 1
		0 	 -1 	 0
		-1.2865 	 0.168 	 10.0844
	}
}
{volume "body5"
	{box 13.1858 6.39786 13.0496}
	{bone "turreta"}
	{matrix34
		1 	 0 	 0
		0 	 0 	 1
		0 	 -1 	 0
		-1.2865 	 0.168 	 2.3118
	}
}
{volume "body6"
	{box 16.072 3.35345 24.5374}
	{bone "trailer_front"}
	{matrix34
		1 	 0 	 0
		0 	 0 	 1
		0 	 -1 	 0
		0.1221 	 0.0829 	 2.9092
	}
}
{volume "body7"
	{box 16.072 3.35345 24.5374}
	{bone "trailer_back"}
	{matrix34
		1 	 0 	 0
		0 	 0 	 1
		0 	 -1 	 0
		-0.3761 	 0.0829 	 2.9033
	}
}
{volume "part1"
	{polyhedron "part1.vol"}
	{bone "part1"}
	{Position -16.102 	 0.0928 	 0.224}
}
{volume "wheelleft1"
	{cylinder 6.32972 4.58543}
	{bone "wheell1"}
	{matrix34
		0.9744 	 0.2249 	 0
		0.2249 	 -0.9744 	 0
		0 	 0 	 -1
		0 	 0 	 -0.8326
	}
}
{volume "wheelleft2"
	{cylinder 6.43701 4.58543}
	{bone "wheell2"}
	{matrix34
		-0.9272 	 0.3746 	 0
		0.3746 	 0.9272 	 0
		0 	 0 	 -1
		0 	 0 	 -0.8242
	}
}
{volume "wheelright1"
	{cylinder 6.43701 4.58543}
	{bone "wheelr1"}
	{matrix34
		0.4695 	 -0.8829 	 0
		-0.8829 	 -0.4695 	 0
		0 	 0 	 -1
		0 	 0 	 0.8164
	}
}
{volume "wheelright2"
	{cylinder 6.32972 4.58543}
	{bone "wheelr2"}
	{matrix34
		-0.6691 	 -0.7431 	 0
		-0.7431 	 0.6691 	 0
		0 	 0 	 -1
		0 	 0 	 0.84
	}
}
