;Exported by:	 Admin
;Date:			 04.05.2017 20:44:17
;File:			 C:\Users\Admin\Documents\3dsMax\scenes\Sd.Ah.57.max
{skeleton
	{animation
		{sequence "close" {speed 0.6}{resume}}
		{sequence "open" {speed 0.6}{resume}}
	}
	{bone "basis"
		{parameters "wheelradius=0.46;"}
		{orientation
			1 	 0 	 0
			0 	 -1 	 0
			0 	 0 	 1
		}
		{bone "body"
			{parameters "id=body;"}
			{matrix34
				0.9962 	 0.0005 	 -0.0872
				-0.0005 	 1 	 0
				0.0872 	 0 	 0.9962
				0 	 0 	 8.6087
			}
			{VolumeView "body.ply"}
			{bone "emit2"
				{matrix34
					-0.0076 	 0.9962 	 0.0868
					-0.9962 	 0 	 -0.0871
					-0.0868 	 -0.0872 	 0.9924
					26.0154 	 -26.4296 	 -6.3533
				}
			}
			{bone "emit1"
				{matrix34
					-0.0076 	 -0.9962 	 0.0868
					0.9962 	 0 	 0.0872
					-0.0868 	 0.0872 	 0.9924
					26.0129 	 26.4051 	 -6.3483
				}
			}
			{bone "link1"
				{Position 47.8962 	 0.4544 	 4.5845}
			}
			{bone "doors"
				{parameters "id=body;"}
				{matrix34
					1 	 0.0076 	 0.0003
					0.001 	 -0.1733 	 0.9849
					0.0075 	 -0.9848 	 -0.1733
					0.2512 	 14.5099 	 21.3344
				}
				{VolumeView "doors.ply"}
			}
			{bone "bolzen1"
				{parameters "id=body;"}
				{Position 24.4868 	 0.4624 	 2.2977}
				{VolumeView "bolzen1.ply"}
				{bone "strebe1"
					{parameters "id=body;"}
					{Position 0 	 0 	 0}
					{VolumeView "strebe1.ply"}
					{bone "sockel"
						{parameters "id=body;"}
						{Position 9.4157 	 0.0346 	 -6.4985}
						{VolumeView "sockel.ply"}
						{bone "strebe2"
							{parameters "id=body;"}
							{Position -0.1177 	 -0.0346 	 3.7827}
							{VolumeView "strebe2.ply"}
							{bone "ik_chain001"
								{matrix34
									0.9962 	 -0.0005 	 0.0872
									0.0005 	 1 	 0
									-0.0872 	 0 	 0.9962
									0 	 0 	 0
								}
							}
						}
					}
				}
			}
			{bone "bolzen4"
				{parameters "id=body;"}
				{matrix34
					1 	 0 	 -0.0004
					0 	 1 	 0
					0.0004 	 0 	 1
					32.2014 	 0.4624 	 2.8387
				}
				{VolumeView "bolzen4.ply"}
				{bone "strebe3"
					{parameters "id=body;"}
					{Position 0 	 0 	 0}
					{VolumeView "strebe3.ply"}
					{bone "bolzen3"
						{parameters "id=body;"}
						{Position 1.5834 	 0 	 -3.2568}
						{VolumeView "bolzen3.ply"}
					}
				}
			}
			{bone "pivot_front"
				{matrix34
					1 	 -0.0005 	 0
					0.0005 	 1 	 0
					0 	 0 	 1
					42.9526 	 1.4877 	 4.3963
				}
			}
			{bone "pivot_back"
				{matrix34
					0.9962 	 -0.0005 	 0.0872
					0.0005 	 1 	 0
					-0.0872 	 0 	 0.9962
					0.0294 	 0 	 -0.3361
				}
				{bone revolute "roller_02_joint"
					{limits -4.5 4.5}
					{matrix34
						0.9848 	 0.0004 	 -0.1737
						0.1737 	 0 	 0.9848
						0.0004 	 -1 	 0
						-37.0778 	 -17.6574 	 3.5953
					}
					{bone "roller_02"
						{parameters "radius=0.46;"}
						{matrix34
							0.9659 	 0.2588 	 0
							0 	 0 	 -1
							-0.2588 	 0.9659 	 0
							37.1069 	 3.2467 	 0.0167
						}
						{bone revolute "wheelr"
							{matrix34
								0.9962 	 0 	 -0.0872
								0.0872 	 0 	 0.9962
								0 	 -1 	 0
								0 	 0 	 0
							}
							{VolumeView "wheelr.ply"}
							{bone "fxtracer2"
								{matrix34
									-0.9659 	 0.2588 	 0
									0 	 0 	 -1
									-0.2588 	 -0.9659 	 0
									-0.745 	 -8.5153 	 0
								}
							}
						}
					}
				}
				{bone revolute "roller_01_joint"
					{limits -4.5 4.5}
					{matrix34
						0.9848 	 0.0004 	 -0.1737
						0.1737 	 0 	 0.9848
						0.0004 	 -1 	 0
						-37.0938 	 17.6576 	 3.5953
					}
					{bone "roller_01"
						{parameters "radius=0.46;"}
						{matrix34
							0.9659 	 0.2588 	 0
							0 	 0 	 -1
							-0.2588 	 0.9659 	 0
							37.1066 	 3.2484 	 0.0888
						}
						{bone revolute "wheell"
							{matrix34
								0.9962 	 0 	 -0.0872
								0.0872 	 0 	 0.9962
								0 	 -1 	 0
								0 	 0 	 0
							}
							{VolumeView "wheell.ply"}
							{bone "fxtracel2"
								{matrix34
									-0.9659 	 0.2588 	 0
									0 	 0 	 -1
									-0.2588 	 -0.9659 	 0
									-0.745 	 -8.5153 	 0
								}
							}
						}
					}
				}
			}
			{bone "driver"
				{matrix34
					-1 	 0 	 0
					0 	 -1 	 0
					0 	 0 	 1
					33.4579 	 19.9136 	 -8.6104
				}
			}
			{bone "commander"
				{matrix34
					-1 	 0 	 0
					0 	 -1 	 0
					0 	 0 	 1
					43.2891 	 -13.7566 	 -8.6075
				}
			}
			{bone "visor2"
				{matrix34
					-1 	 0 	 0
					0 	 -1 	 0
					0 	 0 	 1
					-0.0895 	 -17.6872 	 16.8536
				}
			}
			{bone "visor"
				{matrix34
					-1 	 0 	 0
					0 	 -1 	 0
					0 	 0 	 1
					-0.0895 	 17.6504 	 16.8536
				}
			}
			{bone "seat1"
				{matrix34
					0.3474 	 0.936 	 -0.0572
					-0.936 	 0.3424 	 -0.0819
					-0.0571 	 0.082 	 0.995
					33.3235 	 9.5836 	 5.6497
				}
			}
			{bone "seat2"
				{parameters "lastpose=undefined;"}
				{matrix34
					-0.863 	 -0.4996 	 -0.0755
					0.4977 	 -0.8663 	 0.0436
					-0.0872 	 0 	 0.9962
					40.9475 	 -11.3882 	 -5.0582
				}
			}
		}
	}
}
{volume "ammorack"
	{box 8.34435 2.87922 2.88216}
	{bone "body"}
	{Position 18.8786 	 14.2959 	 1.6989}
}
{volume "inventory"
	{box 40.8268 22.8395 5.3477}
	{bone "body"}
	{Position 0.5094 	 -0.1876 	 8.3715}
}
{volume "body2"
	{box 72.1909 29.6211 2.36304}
	{bone "body"}
	{Position 11.9366 	 -0.0227 	 4.4058}
}
{volume "body"
	{box 50.6586 30.6613 21.4704}
	{bone "body"}
	{Position 0.7122 	 0.0285 	 13.9779}
}
{volume "wheell"
	{cylinder 9.05512 5.12671}
	{bone "wheell"}
	{matrix34
		1 	 0 	 0
		0 	 -1 	 0
		0 	 0 	 -1
		0 	 0 	 0
	}
}
{volume "wheelr"
	{cylinder 9.05512 5.11811}
	{bone "wheelr"}
	{matrix34
		1 	 0 	 0
		0 	 -1 	 0
		0 	 0 	 -1
		0 	 0 	 0
	}
}
