;Exported by:	 guita
;Date:			 10.05.2022 18:03:25
;File:			 D:\Git\3D_Scenes\GoH_3D_vehicles_rus\vehicles\cannon\76mm_bpk76\76mm_BPK76.max
{skeleton
	{animation
		{sequence "aim_h" {speed 1}{resume}}
		{sequence "aim_v" {speed 1}{resume}}
		{sequence "shell_eject" {speed 0.8}}
		{sequence "recoil" {speed 0.65}}
		{sequence "close" {speed 0.75}}
	}
	{bone revolute "basis"
		{parameters "wheelradius=0.3;"}
		{speed 0.005}
		{orientation
			1 	 0 	 0
			0 	 -1 	 0
			0 	 0 	 1
		}
		{bone "pivot_front"
			{Position -0.001 	 0.0492 	 3.3282}
			{bone "fxtracel1"
				{matrix34
					-1 	 0 	 0
					0 	 -1 	 0
					0 	 0 	 1
					0.0011 	 10.7704 	 -3.3283
				}
			}
			{bone "fxtracer1"
				{matrix34
					-1 	 0 	 0
					0 	 -1 	 0
					0 	 0 	 1
					0.0011 	 -10.9583 	 -3.3283
				}
			}
			{bone revolute "wheelr"
				{parameters "id=wheelright;"}
				{matrix34
					1 	 0 	 0
					0 	 0 	 1
					0 	 -1 	 0
					-0.0003 	 -11.2789 	 2.5282
				}
				{VolumeView "wheelr.ply"}
			}
			{bone revolute "wheell"
				{parameters "id=wheelleft;"}
				{matrix34
					1 	 0 	 0
					0 	 0 	 1
					0 	 -1 	 0
					-0.0003 	 11.0915 	 2.5282
				}
				{VolumeView "wheell.ply"}
			}
		}
		{bone "body"
			{parameters "id=body;"}
			{animation
				{sequence "repair" {file "body_r.anm"}{speed 0.7}}
			}
			{Position 0 	 0 	 5.8565}
			{VolumeView "body.ply"}
			{bone "front_part"
				{parameters "id=body;"}
				{Position 16.8876 	 -0.0049 	 -0.0347}
				{VolumeView "front_part.ply"}
			}
			{bone "fixer1"
				{parameters "id=body;"}
				{Position -1.1671 	 0 	 0.122}
				{VolumeView "fixer1.ply"}
			}
			{bone "fixer3"
				{parameters "id=body;"}
				{Position 16.929 	 -1.4595 	 0.8959}
				{VolumeView "fixer3.ply"}
				{bone revolute "gun_rot"
					{limits -15 42}
					{matrix34
						1 	 0 	 0
						0 	 0 	 1
						0 	 -1 	 0
						-13.8949 	 1.4595 	 9.1319
					}
					{bone "gun"
						{parameters "id=gun;"}
						{animation
							{sequence "repair" {file "gun_r.anm"}{speed 0.7}}
						}
						{orientation
							1 	 0 	 0
							0 	 0 	 -1
							0 	 1 	 0
						}
						{VolumeView "gun.ply"}
						{bone "breech"
							{parameters "id=gun;"}
							{Position -9.1134 	 0 	 -2.0629}
							{VolumeView "breech.ply"}
							{bone "fxshot"
								{matrix34
									1 	 0 	 0
									0 	 0 	 1
									0 	 -1 	 0
									-8.6888 	 0.1602 	 2.0609
								}
							}
						}
						{bone "foresight1"
							{Position 22.1022 	 0.1622 	 0.0028}
						}
						{bone "visor"
							{Position 2.2253 	 -1.4269 	 4.3883}
						}
					}
				}
				{bone "fixer2"
					{parameters "id=body;"}
					{Position -13.8764 	 -1.572 	 9.1256}
					{VolumeView "fixer2.ply"}
					{bone "aim_v_helper"
						{matrix34
							0.9662 	 0 	 0.2576
							0 	 1 	 0
							-0.2576 	 0 	 0.9662
							-1.1646 	 -1.1316 	 -3.2238
						}
						{bone "aim_ver"
							{parameters "id=body;"}
							{Position 0 	 0 	 0}
							{VolumeView "aim_ver.ply"}
						}
					}
				}
				{bone "ver_set"
					{parameters "id=body;"}
					{Position -13.8764 	 -1.572 	 9.1256}
					{VolumeView "ver_set.ply"}
				}
			}
			{bone "aim_h_helper"
				{matrix34
					0.9452 	 -0.3266 	 0
					0.3266 	 0.9451 	 0.0098
					-0.0032 	 -0.0092 	 1
					10.7871 	 -4.2124 	 1.0713
				}
				{bone "aim_hor"
					{parameters "id=body;"}
					{Position 0 	 0 	 0}
					{VolumeView "aim_hor.ply"}
				}
			}
			{bone "hor_set"
				{parameters "id=body;"}
				{Position 3.0526 	 -3.664 	 10.0278}
				{VolumeView "hor_set.ply"}
			}
		}
		{bone "seat1"
			{matrix34
				-0.9925 	 0 	 -0.1219
				0 	 -1 	 0
				-0.1219 	 0 	 0.9925
				-11.6007 	 -1.097 	 9.5998
			}
		}
		{bone "seat2"
			{matrix34
				0 	 -1 	 0
				0.9994 	 0 	 -0.0349
				0.0349 	 0 	 0.9994
				3.6897 	 -0.9949 	 8.1632
			}
		}
		{bone "gunner"
			{matrix34
				0.9563 	 -0.2924 	 0
				0.2924 	 0.9563 	 0
				0 	 0 	 1
				-17.7717 	 8.8269 	 0.107
			}
		}
		{bone "commander"
			{Position -19.1925 	 -11.0876 	 0}
		}
		{bone "driver2"
			{Position -33.1456 	 -0.0884 	 0}
		}
		{bone "driver1"
			{Position -18.6519 	 10.9989 	 0}
		}
		{bone "emit1"
			{Position -28.2553 	 12.1392 	 0}
		}
		{bone "emit2"
			{Position -28.8291 	 -9.8509 	 0}
		}
		{bone "link1"
			{Position -30.873 	 0.0994 	 11.0978}
		}
	}
}
{obstacle "obstacle"
	{polygon2
		{radius 0}
		{vertex 5.99357 -11.5317}
		{vertex 5.99357 11.5985}
		{vertex -5.85237 11.5985}
		{vertex -5.85237 -11.4296}
	}
	{rotate}
}
{obstacle "obstacle2"
	{polygon2
		{radius 0}
		{vertex 11.7913 -3.94443}
		{vertex 27.0276 -0.875506}
		{vertex 27.0276 0.604796}
		{vertex 11.8635 3.99866}
		{vertex 5.97838 3.99866}
		{vertex 5.97838 -3.98053}
	}
	{rotate}
}
{volume "barrel1"
	{polyhedron "barrel1.vol"}
	{bone "gun"}
	{Position 13.8635 	 0 	 0}
}
{volume "barrel2"
	{polyhedron "barrel2.vol"}
	{bone "breech"}
	{Position -6.8005 	 0 	 2.0629}
}
{volume "body1"
	{polyhedron "body1.vol"}
	{bone "body"}
	{Position 2.3816 	 -0.0021 	 -0.4549}
}
{volume "body2"
	{cylinder 0.502044 20.7035}
	{bone "body"}
	{matrix34
		1 	 0 	 0
		0 	 0 	 1
		0 	 -1 	 0
		0.015 	 -0.072 	 0.0146
	}
}
{volume "body3"
	{cylinder 0.443611 17.3451}
	{bone "fixer3"}
	{matrix34
		0.5505 	 0 	 0.8348
		0 	 1 	 0
		-0.8348 	 0 	 0.5505
		-7.027 	 -0.413 	 4.6488
	}
}
{volume "body4"
	{cylinder 0.443611 17.3451}
	{bone "fixer3"}
	{matrix34
		0.5505 	 0 	 0.8348
		0 	 1 	 0
		-0.8348 	 0 	 0.5505
		-7.027 	 3.3062 	 4.6488
	}
}
{volume "body5"
	{cylinder 0.443611 10.2336}
	{bone "fixer2"}
	{matrix34
		0.9782 	 -0.001 	 -0.2078
		-0.028 	 0.9903 	 -0.1363
		0.206 	 0.1392 	 0.9686
		-0.9231 	 -0.2586 	 -4.4106
	}
}
{volume "body6"
	{cylinder 0.443611 10.2336}
	{bone "fixer2"}
	{matrix34
		0.9782 	 0.0009 	 -0.2079
		0.0245 	 0.9925 	 0.1194
		0.2064 	 -0.1219 	 0.9708
		-0.9247 	 6.3795 	 -4.4185
	}
}
{volume "select"
	{box 28.0925 22.4865 17.2005}
	{bone "body"}
	{Position 2.9401 	 -0.1127 	 2.9027}
}
{volume "wheelleft"
	{cylinder 6.00394 1.04345}
	{bone "wheell"}
	{Position 0 	 0 	 0.28}
}
{volume "wheelright"
	{cylinder 6.01025 1.04345}
	{bone "wheelr"}
	{Position 0 	 0 	 -0.3057}
}
