;Exported by:	 guita
;Date:			 20.12.2021 23:31:47
;File:			 D:\Git\3D_Scenes\GoH_3D_vehicles_fin\3d vehicles\Cannon\B-8\BL-8 203mm_xx.max
{skeleton
	{bone "basis"
		{orientation
			1 	 0 	 0
			0 	 -1 	 0
			0 	 0 	 1
		}
		{bone "body"
			{parameters "id=body;"}
			{Position 0.0173 	 0.1215 	 16.0901}
			{LODView
				{VolumeView "body.ply"}
				{VolumeView "body_lod1.ply"}
			}
			{bone revolute "part4"
				{matrix34
					0.9988 	 0.0006 	 -0.0497
					-0.0023 	 0.9994 	 -0.0349
					0.0497 	 0.0349 	 0.9982
					8.007 	 -0.0463 	 -0.8545
				}
				{LODView
					{VolumeView "part4.ply"}
					{VolumeView "part4_lod1.ply"}
				}
				{bone revolute "part2"
					{matrix34
						0.9981 	 -0.0016 	 -0.061
						0.061 	 0.0261 	 0.9978
						0 	 -0.9997 	 0.0262
						-7.4887 	 0.0169 	 10.8317
					}
					{LODView
						{VolumeView "part2.ply"}
						{VolumeView "part2_lod1.ply"}
					}
					{bone "part3"
						{matrix34
							0 	 0 	 1
							1 	 0 	 0
							0 	 1 	 0
							-20.5188 	 3.6196 	 5.4452
						}
						{LODView
							{VolumeView "part3.ply"}
							{VolumeView "part3_lod1.ply"}
						}
					}
				}
			}
			{bone "pivot_front"
				{Position -0.0094 	 -0.0464 	 -0.0257}
				{bone prizmatic "suspension_r1"
					{limits -0.06 0.02}
					{speed 0.09}
					{Position 0 	 -16.8132 	 0}
					{bone revolute "part1"
						{matrix34
							0.5 	 0 	 -0.866
							-0.866 	 0 	 -0.5
							0 	 1 	 0
							0 	 0 	 0
						}
						{LODView
							{VolumeView "part1.ply"}
							{VolumeView "part1_lod1.ply"}
						}
					}
					{bone "part6"
						{matrix34
							0.5 	 0 	 -0.866
							-0.866 	 0 	 -0.5
							0 	 1 	 0
							0 	 0 	 0
						}
						{LODView
							{VolumeView "part6.ply"}
							{VolumeView "part6_lod1.ply"}
						}
					}
				}
				{bone prizmatic "suspension_l1"
					{limits -0.06 0.02}
					{speed 0.09}
					{Position 0 	 16.8526 	 0}
					{bone "part5"
						{Position 0 	 2.0161 	 -12.6615}
						{LODView
							{VolumeView "part5.ply"}
							{VolumeView "part5_lod1.ply"}
						}
					}
				}
			}
		}
	}
}
{obstacle "obstacle2"
	{obb2
		{center -30.3436 -0.497025}
		{extent 44.6314 11.71}
		{axis 1 0}
	}
	{rotate}
	{rotate}
}
{volume "barrel1"
	{polyhedron "barrel1.vol"}
	{bone "part2"}
	{matrix34
		1 	 -0.0061 	 -0.006
		0.0044 	 0.9685 	 -0.2488
		0.0074 	 0.2488 	 0.9685
		-5.9698 	 -6.2809 	 -6.0195
	}
}
{volume "barrel2"
	{polyhedron "barrel2.vol"}
	{bone "part2"}
	{matrix34
		0.0003 	 0.0486 	 -0.9988
		-0.0039 	 0.9988 	 0.0486
		1 	 0.0039 	 0.0005
		-2.5635 	 2.3213 	 -1.9677
	}
}
{volume "barrel3"
	{cylinder 4.4936 20.5123}
	{bone "part2"}
	{matrix34
		0.0003 	 0.0486 	 -0.9988
		-0.0039 	 0.9988 	 0.0486
		1 	 0.0039 	 0.0005
		-12.3545 	 2.283 	 -1.9724
	}
}
{volume "body1"
	{polyhedron "body1.vol"}
	{bone "part4"}
	{matrix34
		1 	 -0.0078 	 0.0002
		0.001 	 0.1562 	 0.9877
		-0.0077 	 -0.9877 	 0.1562
		-14.4036 	 10.9325 	 5.2382
	}
}
{volume "body"
	{polyhedron "body.vol"}
	{bone "body"}
	{matrix34
		0.9914 	 0.026 	 0.1279
		-0.1305 	 0.1977 	 0.9715
		0 	 -0.9799 	 0.1994
		-28.2155 	 -0.3503 	 -7.7273
	}
}
{volume "part3"
	{polyhedron "part3.vol"}
	{bone "part3"}
	{matrix34
		-0.6042 	 0.7927 	 -0.0805
		-0.7625 	 -0.6045 	 -0.2306
		-0.2314 	 -0.0779 	 0.9697
		-2.6453 	 -3.8097 	 -3.3502
	}
}
{volume "part5"
	{cylinder 16.4372 6.19427}
	{bone "part5"}
	{matrix34
		1 	 -0.0042 	 -0.0002
		-0.0042 	 -0.9994 	 -0.0348
		0 	 0.0348 	 -0.9994
		0 	 0.0131 	 1.0178
	}
}
{volume "part6"
	{polyhedron "part6.vol"}
	{bone "part6"}
	{matrix34
		0.4998 	 -0.8653 	 -0.039
		-0.8643 	 -0.5012 	 0.0435
		-0.0571 	 0.012 	 -0.9983
		0.4273 	 0.278 	 1.9212
	}
}
{volume "wheelright"
	{polyhedron "wheelright.vol"}
	{bone "part1"}
	{matrix34
		0.4998 	 -0.8653 	 -0.039
		-0.8643 	 -0.5012 	 0.0435
		-0.0571 	 0.012 	 -0.9983
		0.4273 	 0.278 	 1.9212
	}
}
