;Exported by:	 TigerF
;Date:			 07.06.2022 16:37:51
;File:			 D:\PROGRAMS\3ds_max\3dsmax9_saves\scenes\GoH_3D_vehicles_fin\3d vehicles\Cannon\105mm_h33\105mm_h33_xx.max
{skeleton
	{bone revolute "basis"
		{parameters "wheelradius=0.64;"}
		{orientation
			1 	 0 	 0
			0 	 -1 	 0
			0 	 0 	 1
		}
		{bone "body"
			{parameters "id=body;"}
			{matrix34
				1 	 0 	 0
				0 	 0.9945 	 -0.1045
				0 	 0.1045 	 0.9945
				0 	 -0.2587 	 10.4026
			}
			{VolumeView "body.ply"}
			{bone revolute "turret"
				{parameters "id=body;"}
				{limits -28 28}
				{speed 0.007}
				{matrix34
					0.9998 	 0.0175 	 0.0042
					-0.0179 	 0.9923 	 0.1224
					-0.002 	 -0.1224 	 0.9925
					-1.0284 	 0 	 1.9071
				}
				{VolumeView "turret.ply"}
				{bone revolute "gun_rot"
					{parameters "id=gun;"}
					{matrix34
						0.9701 	 0.2371 	 -0.0509
						0.0169 	 0.1433 	 0.9895
						0.2419 	 -0.9609 	 0.135
						-2.7383 	 0.6754 	 9.7115
					}
					{VolumeView "gun_rot.ply"}
				}
				{bone "shield"
					{parameters "id=shield;"}
					{matrix34
						0.9703 	 0.2396 	 -0.0337
						-0.2419 	 0.9609 	 -0.135
						0 	 0.1392 	 0.9903
						-0.8989 	 1.1003 	 9.4396
					}
					{VolumeView "shield.ply"}
				}
			}
			{bone "part3"
				{parameters "id=part3;"}
				{matrix34
					0.9875 	 0.1569 	 -0.012
					-0.1564 	 0.9871 	 0.0345
					0.0172 	 -0.0322 	 0.9993
					-0.602 	 7.8432 	 -0.0329
				}
				{VolumeView "part3.ply"}
				{bone "part4"
					{parameters "id=part4;"}
					{matrix34
						0.7927 	 -0.3696 	 -0.4848
						0.4226 	 0.9063 	 0
						0.4394 	 -0.2049 	 0.8746
						-53.8409 	 25.4616 	 -4.691
					}
					{VolumeView "part4.ply"}
				}
			}
			{bone "standr"
				{parameters "id=body;"}
				{matrix34
					0.9956 	 -0.0788 	 -0.0505
					0.0868 	 0.9793 	 0.1826
					0.0351 	 -0.1862 	 0.9819
					-0.602 	 -7.8362 	 -0.0329
				}
				{VolumeView "standr.ply"}
			}
			{bone "part1"
				{parameters "id=part1;"}
				{matrix34
					0.3591 	 0.1786 	 0.9161
					0.0284 	 0.979 	 -0.2019
					-0.9329 	 0.0985 	 0.3465
					7.6508 	 -0.2062 	 -5.5629
				}
				{VolumeView "part1.ply"}
			}
		}
		{bone "pivot_front"
			{Position 0 	 0 	 12.8642}
			{bone "susp"
				{parameters "id=body;"}
				{VolumeView "susp.ply"}
			}
			{bone revolute "wheell"
				{parameters "id=wheelleft;"}
				{matrix34
					0.9986 	 0 	 -0.0523
					-0.05 	 0.2924 	 -0.955
					0.0153 	 0.9563 	 0.292
					0.451 	 18.0624 	 -0.4505
				}
				{VolumeView "wheell.ply"}
			}
			{bone revolute "wheelr"
				{parameters "id=wheelleft;"}
				{matrix34
					0.9986 	 0 	 -0.0523
					-0.0523 	 0 	 -0.9986
					0 	 1 	 0
					0 	 -16.8115 	 0
				}
				{VolumeView "wheelr.ply"}
			}
		}
	}
}
{obstacle "obstacle"
	{obb2
		{center 0.570883 6.67572e-006}
		{extent 12.8493 18.0216}
		{axis 1 0}
	}
	{rotate}
}
{volume "barrel1"
	{box 3.01349 3.89764 59.2573}
	{bone "gun_rot"}
	{matrix34
		0.2588 	 -0.9659 	 0
		0 	 0 	 -1
		0.9659 	 0.2588 	 0
		5.8928 	 -3.0775 	 0.0117
	}
}
{volume "barrel2"
	{cylinder 1.08242 30.7102}
	{bone "gun_rot"}
	{matrix34
		0 	 0 	 -1
		-0.2588 	 0.9659 	 0
		0.9659 	 0.2588 	 0
		12.9092 	 8.0529 	 0
	}
}
{volume "barrel3"
	{cylinder 2.22034 53.3551}
	{bone "gun_rot"}
	{matrix34
		-0.0135 	 0.0506 	 -0.9986
		-0.2753 	 0.9599 	 0.0523
		0.9613 	 0.2756 	 0.0009
		12.5506 	 3.9357 	 -0.0127
	}
}
{volume "barrel4"
	{box 5.45934 5.66304 8.69899}
	{bone "gun_rot"}
	{matrix34
		0.0135 	 -0.0506 	 0.9986
		-0.2753 	 0.9599 	 0.0523
		-0.9613 	 -0.2756 	 -0.0009
		-17.2317 	 -4.7659 	 -0.0078
	}
}
{volume "body1"
	{box 26.2391 4.7619 6.21963}
	{bone "body"}
	{matrix34
		0 	 1 	 0
		0 	 0 	 1
		1 	 0 	 0
		0.3947 	 -0.2478 	 -0.088
	}
}
{volume "body2"
	{polyhedron "body2.vol"}
	{bone "turret"}
	{matrix34
		0.9703 	 0.2396 	 -0.0337
		-0.2419 	 0.9609 	 -0.135
		0 	 0.1392 	 0.9903
		-0.5595 	 0.4117 	 3.9219
	}
}
{volume "hole1"
	{box 2.03367 5.7176 15.9382}
	{bone "shield"}
	{matrix34
		0.8576 	 -0.1392 	 0.4951
		0.1205 	 0.9903 	 0.0696
		-0.5 	 0 	 0.866
		6.3664 	 -0.1214 	 0.7479
	}
}
{volume "hole2"
	{box 2.03367 2.67739 3.18763}
	{bone "shield"}
	{matrix34
		0.8691 	 -0.1219 	 0.4793
		0.0982 	 0.9924 	 0.0742
		-0.4847 	 -0.0175 	 0.8745
		2.9351 	 7.9963 	 8.1841
	}
}
{volume "part1"
	{box 23.4263 8.10469 0.680272}
	{bone "part1"}
	{matrix34
		0 	 1 	 0
		0 	 0 	 1
		1 	 0 	 0
		-0.2066 	 0 	 -3.8526
	}
}
{volume "part4"
	{polyhedron "part4.vol"}
	{bone "part4"}
	{matrix34
		0.5779 	 0.0097 	 0.816
		-0.8156 	 -0.0281 	 0.578
		0.0285 	 -0.9996 	 -0.0083
		-14.1321 	 -0.6007 	 -5.3345
	}
}
{volume "shield_lower"
	{box 23.4263 5.05628 0.680272}
	{bone "body"}
	{matrix34
		0.0247 	 0.9996 	 -0.0114
		-0.0217 	 0.0119 	 0.9997
		0.9995 	 -0.0244 	 0.0219
		7.4896 	 0.0056 	 -0.9881
	}
}
{volume "shield"
	{polyhedron "shield.vol"}
	{bone "shield"}
	{matrix34
		-0.8683 	 0.1045 	 -0.485
		-0.4876 	 0 	 0.873
		0.0913 	 0.9945 	 0.051
		6.166 	 -0.0776 	 1.0372
	}
}
{volume "standl"
	{box 72.7043 6.32204 4.12307}
	{bone "part3"}
	{matrix34
		-0.8949 	 0.4277 	 -0.1272
		-0.1174 	 0.0492 	 0.9919
		0.4305 	 0.9026 	 0.0062
		-34.2612 	 16.2772 	 -4.2782
	}
}
{volume "standr"
	{box 72.7043 6.32204 4.12307}
	{bone "standr"}
	{matrix34
		-0.8949 	 -0.4277 	 -0.1272
		-0.1121 	 -0.0605 	 0.9919
		-0.4319 	 0.9019 	 0.0062
		-34.355 	 -16.168 	 -4.2782
	}
}
{volume "wheelleft"
	{cylinder 13.0383 1.70551}
	{bone "wheell"}
	{Position 0 	 0 	 0.1005}
}
{volume "wheelright"
	{cylinder 13.0383 1.59331}
	{bone "wheelr"}
	{Position 0 	 0 	 -0.0299}
}
