;Exported by:	 guita
;Date:			 21.05.2022 11:58:46
;File:			 D:\Git\3D_Scenes\GoH_3D_vehicles_fin\3d vehicles\Cannon\50_Krh38\50mm_krh38.max
{skeleton
	{animation
		{sequence "close" {speed 0.7}}
	}
	{bone revolute "basis"
		{orientation
			1 	 0 	 0
			0 	 -1 	 0
			0 	 0 	 1
		}
		{bone "emit2"
			{matrix34
				0.6772 	 0.7358 	 0
				-0.7358 	 0.6772 	 0
				0 	 0 	 1
				-1.3718 	 -15.1698 	 0
			}
		}
		{bone "emit1"
			{matrix34
				0.6374 	 -0.7705 	 0
				0.7705 	 0.6374 	 0
				0 	 0 	 1
				-1.2962 	 14.0959 	 0
			}
		}
		{bone "driver2"
			{Position -4.6925 	 0.2176 	 0}
		}
		{bone "driver1"
			{Position 15.2354 	 -7.6124 	 0}
		}
		{bone "visor2"
			{Position 5.8075 	 -13.1895 	 26.4612}
		}
		{bone "sandbag"
			{Position 15.9763 	 0 	 0}
		}
		{bone "body"
			{parameters "id=body;"}
			{Position 0.033 	 0 	 0.9492}
			{VolumeView "body.ply"}
			{bone revolute "turret"
				{speed 0.01}
				{Position 0.006 	 0 	 -0.2694}
				{bone "visor"
					{Position 9.9715 	 5.2863 	 24.49}
				}
				{bone "handle1"
					{matrix34
						0.1029 	 0.9947 	 0.0054
						-0.9933 	 0.103 	 -0.0521
						-0.0523 	 0 	 0.9986
						-0.0981 	 5.1342 	 0.1893
					}
				}
				{bone "handle2"
					{matrix34
						0.0383 	 -0.9993 	 0.002
						0.9979 	 0.0383 	 0.0523
						-0.0523 	 0 	 0.9986
						-0.0071 	 -4.7611 	 0.1941
					}
				}
				{bone "gunner"
					{Position 6.492 	 14.3457 	 -0.6768}
				}
				{bone "commander"
					{Position 5.0988 	 -15.1772 	 -0.6768}
				}
				{bone "gun_rot"
					{parameters "id=body;"}
					{Position -0.0214 	 0 	 0.2973}
					{VolumeView "gun_rot.ply"}
					{bone "gun"
						{parameters "id=body;"}
						{matrix34
							0.9951 	 0 	 0.0992
							0 	 1 	 0
							-0.0992 	 0 	 0.9951
							0.0021 	 -0.0068 	 0
						}
						{VolumeView "gun.ply"}
						{bone "bipod_base"
							{parameters "id=body;"}
							{matrix34
								0.9951 	 0 	 -0.0992
								0 	 1 	 0
								0.0992 	 0 	 0.9951
								12.228 	 -0.3579 	 15.3033
							}
							{VolumeView "bipod_base.ply"}
							{bone "stan_r"
								{parameters "id=body;"}
								{matrix34
									0.9563 	 0 	 0.2924
									0 	 1 	 0
									-0.2924 	 0 	 0.9563
									2.9048 	 -0.795 	 -7.2542
								}
								{VolumeView "stan_r.ply"}
								{bone "1"
									{parameters "id=body;"}
									{Position -0.3277 	 -3.8338 	 -5.7212}
									{VolumeView "1.ply"}
								}
								{bone "support2"
									{matrix34
										0.9563 	 0 	 -0.2924
										0 	 1 	 0
										0.2924 	 0 	 0.9563
										-0.784 	 -7.4068 	 -10.4569
									}
								}
							}
							{bone "stan_l"
								{parameters "id=body;"}
								{matrix34
									0.9563 	 0 	 0.2924
									0 	 1 	 0
									-0.2924 	 0 	 0.9563
									2.9067 	 1.5701 	 -7.257
								}
								{VolumeView "stan_l.ply"}
								{bone "support1"
									{matrix34
										0.9563 	 0 	 -0.2924
										0 	 1 	 0
										0.2924 	 0 	 0.9563
										-0.785 	 7.3275 	 -10.4537
									}
								}
							}
						}
						{bone revolute "foresight"
							{matrix34
								0.5104 	 0 	 0.8599
								-0.8599 	 0 	 0.5104
								0 	 -1 	 0
								12.0543 	 0 	 19.245
							}
						}
						{bone "grip"
							{parameters "id=body;"}
							{matrix34
								0.9951 	 0 	 -0.0992
								0 	 1 	 0
								0.0992 	 0 	 0.9951
								11.8772 	 0.0305 	 15.5553
							}
							{VolumeView "grip.ply"}
						}
					}
				}
			}
			{bone "support3"
				{Position 0.2411 	 0 	 -0.0626}
			}
		}
	}
}
{obstacle "close"
	{obb2
		{center 9.38058 -0.123855}
		{extent 12.3441 3.92167}
		{axis 1 0}
	}
	{rotate}
	{Tags "close"}
}
{obstacle "open"
	{polygon2
		{radius 0}
		{vertex 17.4114 -10.6817}
		{vertex 17.4114 10.7368}
		{vertex -2.46316 3.19722}
		{vertex -2.37019 -2.65986}
	}
	{Tags "open"}
	{rotate}
}
{volume "body1"
	{box 5.57442 7.93205 0.596976}
	{bone "body"}
	{matrix34
		1 	 0 	 0.0007
		0 	 1 	 0
		-0.0007 	 0 	 1
		-0.4535 	 0 	 -0.7476
	}
}
{volume "body2"
	{cylinder 0.944743 22.9964}
	{bone "gun"}
	{matrix34
		0.8501 	 0 	 -0.5266
		0 	 1 	 0
		0.5266 	 0 	 0.8501
		5.7898 	 0.0203 	 9.1125
	}
}
{volume "body3"
	{cylinder 0.403121 12.8144}
	{bone "bipod_base"}
	{matrix34
		-0.3568 	 0.9286 	 -0.1015
		-0.8927 	 -0.371 	 -0.256
		-0.2754 	 -0.0007 	 0.9613
		2.7929 	 0.4102 	 -6.703
	}
}
{volume "body4"
	{cylinder 0.403121 12.7127}
	{bone "stan_l"}
	{matrix34
		-0.1711 	 0.8189 	 0.5478
		-0.9849 	 -0.1571 	 -0.0728
		0.0264 	 -0.552 	 0.8334
		0.0242 	 4.0574 	 -5.3521
	}
}
{volume "body5"
	{cylinder 0.526107 12.7127}
	{bone "stan_r"}
	{matrix34
		0.9742 	 0.1744 	 -0.1432
		-0.2245 	 0.8135 	 -0.5365
		0.023 	 0.5548 	 0.8316
		-0.208 	 -3.9532 	 -5.3022
	}
}
{volume "select"
	{box 28.4194 22.0907 21.511}
	{bone "basis"}
	{Position 8.2978 	 -0.2154 	 10.7555}
}
