;Exported by:	 guita
;Date:			 17.10.2020 21:58:26
;File:			 D:\Git\3D_Scenes\GoH_3D_vehicles_ger\vehicles\cannon\flak37\37mm_flak37_xx_export.max
{skeleton
	{bone revolute "basis"
		{orientation
			1 	 0 	 0
			0 	 -1 	 0
			0 	 0 	 1
		}
		{bone "part7"
			{parameters "id=body;"}
			{matrix34
				1 	 0.0009 	 0.0027
				-0.0009 	 1 	 0
				-0.0027 	 0 	 1
				3.1994 	 -0.2794 	 2.0113
			}
			{VolumeView "part7.ply"}
		}
		{bone "body"
			{parameters "id=body;"}
			{Position -2.2416 	 0 	 2.7406}
			{VolumeView "body.ply"}
		}
		{bone revolute "part2"
			{parameters "id=wheelright;"}
			{matrix34
				0.9986 	 -0.0529 	 0
				-0.0529 	 -0.9986 	 0
				0 	 0 	 -1
				0.7369 	 -30.6546 	 -0.3934
			}
			{VolumeView "part2.ply"}
		}
		{bone revolute "part1"
			{parameters "id=wheelleft;"}
			{matrix34
				0.9986 	 0.048 	 -0.0224
				-0.0529 	 0.905 	 -0.422
				0 	 0.4226 	 0.9063
				0.7369 	 28.4008 	 1.4299
			}
			{VolumeView "part1.ply"}
		}
		{bone revolute "turret"
			{parameters "id=body;"}
			{matrix34
				0.9975 	 0 	 -0.07
				0.0101 	 0.9896 	 0.1434
				0.0693 	 -0.1438 	 0.9872
				-1.0451 	 -1.2002 	 5.3267
			}
			{VolumeView "turret.ply"}
		}
		{bone "part5"
			{parameters "id=body;"}
			{matrix34
				1 	 0.0009 	 0.0027
				-0.0009 	 1 	 0
				-0.0027 	 0 	 1
				3.1785 	 18.4231 	 3.8567
			}
			{VolumeView "part5.ply"}
		}
		{bone "part6"
			{parameters "id=body;"}
			{matrix34
				1 	 0.0009 	 0.0027
				-0.0009 	 1 	 0
				-0.0027 	 0 	 1
				-6.831 	 -17.6574 	 4.0229
			}
			{VolumeView "part6.ply"}
		}
		{bone "part3"
			{parameters "id=shield;"}
			{matrix34
				0.9764 	 0.0091 	 -0.2158
				0.0499 	 0.9627 	 0.2661
				0.2102 	 -0.2706 	 0.9395
				2.0593 	 -1.7707 	 12.5701
			}
			{VolumeView "part3.ply"}
		}
		{bone "part8"
			{parameters "id=shield;"}
			{matrix34
				0.9764 	 0.0091 	 -0.2158
				0.0499 	 0.9627 	 0.2661
				0.2102 	 -0.2706 	 0.9395
				2.0593 	 -1.7707 	 12.5701
			}
			{VolumeView "part8.ply"}
		}
		{bone "part4"
			{parameters "id=gun;"}
			{matrix34
				1 	 0 	 -0.0009
				0 	 1 	 0
				0.0009 	 0 	 1
				29.1929 	 0.4646 	 18.6417
			}
			{VolumeView "part4.ply"}
		}
	}
}
{obstacle "open"
	{polygon2
		{radius 0}
		{vertex 20.4456 -20.3239}
		{vertex 20.4804 19.6815}
		{vertex -31.1591 -0.463083}
	}
	{Tags "open"}
	{rotate}
}
{volume "barrel"
	{cylinder 1.3095 70.6889}
	{bone "part4"}
	{matrix34
		-0.1631 	 0 	 -0.9866
		0.0333 	 0.9994 	 -0.0055
		0.986 	 -0.0337 	 -0.1631
		-6.6607 	 -2.7833 	 -2.6676
	}
}
{volume "body1"
	{polyhedron "body1.vol"}
	{bone "body"}
	{Position -9.304 	 -0.1422 	 -2.7406}
}
{volume "body2"
	{polyhedron "body2.vol"}
	{bone "turret"}
	{matrix34
		0.9928 	 0.0009 	 -0.1199
		-0.0009 	 1 	 0
		0.1199 	 0 	 0.9928
		-5.809 	 -0.2432 	 15.4856
	}
}
{volume "body3"
	{box 7.95276 0.210949 7.28169}
	{bone "turret"}
	{matrix34
		0 	 1 	 0
		0.931 	 0 	 0.3651
		0.3651 	 0 	 -0.931
		-8.4744 	 -10.4283 	 15.4939
	}
}
{volume "body4"
	{box 7.95276 0.210949 18.0586}
	{bone "turret"}
	{matrix34
		0 	 1 	 0
		0.4794 	 0 	 0.8776
		0.8776 	 0 	 -0.4794
		0.8301 	 -10.4238 	 7.7281
	}
}
{volume "part1"
	{cylinder 8.46457 4.11145}
	{bone "part1"}
	{matrix34
		0.9985 	 -0.0549 	 0
		-0.0549 	 -0.9985 	 0
		0 	 0 	 -1
		0.0222 	 -0.6869 	 2.3965
	}
}
{volume "part2"
	{cylinder 8.46457 4.46001}
	{bone "part2"}
	{matrix34
		0.9985 	 -0.0549 	 0
		-0.0549 	 -0.9985 	 0
		0 	 0 	 -1
		0.0249 	 0.2097 	 -2.2127
	}
}
{volume "part3"
	{polyhedron "part3.vol"}
	{bone "part3"}
	{Position 12.6402 	 -0.6474 	 -5.3994}
}
{volume "part5"
	{box 32.4204 9.62047 10.8809}
	{bone "part5"}
	{matrix34
		1 	 -0.0009 	 -0.0027
		0.0009 	 1 	 0
		0.0027 	 0 	 1
		0.8941 	 3.3366 	 1.097
	}
}
{volume "part6"
	{box 32.4204 9.62047 10.8809}
	{bone "part6"}
	{matrix34
		1 	 -0.0009 	 -0.0027
		0.0009 	 1 	 0
		0.0027 	 0 	 1
		10.8968 	 -3.9811 	 0.9041
	}
}
{volume "part6a"
	{box 29.334 5.51638 3.32412}
	{bone "part6"}
	{matrix34
		0.8187 	 -0.5743 	 -0.0027
		0.5743 	 0.8187 	 0
		0.0022 	 -0.0015 	 1
		-17.7929 	 5.9551 	 0.5993
	}
}
{volume "part7"
	{polyhedron "part7.vol"}
	{bone "part7"}
	{matrix34
		0.9997 	 0 	 -0.026
		0 	 1 	 0
		0.026 	 0 	 0.9997
		-21.6702 	 0.0057 	 4.0988
	}
}
{volume "part8"
	{polyhedron "part8.vol"}
	{bone "part8"}
	{Position 12.6402 	 -0.6474 	 -5.3994}
}
