;Exported by:	 guita
;Date:			 28.09.2023 14:29:52
;File:			 D:\Git\3D_Scenes\GoH_3D_vehicles_fin\3d vehicles\Cannon\20mm ITK35\20mm_itk35.max
{skeleton
	{animation
		{sequence "recoil" {speed 1}}
		{sequence "close" {speed 0.4}}
		{sequence "aim_v" {speed 0.8}{resume}}
		{sequence "aim_h" {speed 0.8}{resume}}
	}
	{bone "basis"
		{parameters "wheelradius=0.32;"}
		{orientation
			1 	 0 	 0
			0 	 -1 	 0
			0 	 0 	 1
		}
		{bone "body"
			{parameters "id=body;"}
			{animation
				{sequence "repair" {file "body_r.anm"}{speed 0.7}}
			}
			{Position 0 	 0 	 3.9487}
			{VolumeView "body.ply"}
			{bone revolute "turret"
				{parameters "id=body;"}
				{Position 0 	 0.001 	 2.1197}
				{VolumeView "turret.ply"}
				{bone revolute "gun_rot"
					{parameters "id=gun;"}
					{animation
						{sequence "repair" {file "gun_r.anm"}{speed 0.7}}
					}
					{limits -10 80}
					{speed 0.01}
					{matrix34
						1 	 0 	 0
						0 	 0 	 1
						0 	 -1 	 0
						2.1335 	 -0.0009 	 12.1526
					}
					{VolumeView "gun_rot.ply"}
					{bone "gun"
						{parameters "id=gun;"}
						{matrix34
							1 	 0 	 0
							0 	 0 	 -1
							0 	 1 	 0
							-4.4743 	 -0.5734 	 0
						}
						{VolumeView "gun.ply"}
						{bone "magazine"
							{parameters "id=gun;"}
							{matrix34
								-0.5 	 0.866 	 0
								-0.866 	 -0.5 	 0
								0 	 0 	 1
								-0.2078 	 3.9489 	 0.5425
							}
							{VolumeView "magazine.ply"}
						}
						{bone "fx_invers"
							{matrix34
								-0.0872 	 -0.9962 	 0
								0.9962 	 -0.0872 	 0
								0 	 0 	 1
								-0.2567 	 -2.2987 	 0.6588
							}
						}
					}
					{bone "visor"
						{matrix34
							1 	 0 	 0
							0 	 0 	 -1
							0 	 1 	 0
							-7.6992 	 4.0456 	 0
						}
					}
					{bone "foresight1"
						{matrix34
							1 	 -0.0042 	 0
							0 	 0 	 -1
							0.0042 	 1 	 0
							32.2982 	 -0.0997 	 0.0111
						}
					}
				}
				{bone "commander"
					{matrix34
						0 	 -1 	 0
						1 	 0 	 0
						0 	 0 	 1
						1.0182 	 19.6834 	 -6.0557
					}
				}
				{bone "gunner"
					{Position -15.0696 	 -0.0019 	 1.7681}
				}
				{bone "aim_v_helper"
					{matrix34
						0.9994 	 0.0276 	 0.021
						0 	 0.6059 	 -0.7955
						-0.0347 	 0.795 	 0.6056
						-8.6881 	 7.4735 	 8.7585
					}
					{bone "aim_ver"
						{parameters "id=body;"}
						{Position 0 	 0 	 0}
						{VolumeView "aim_ver.ply"}
					}
				}
				{bone "aim_h_helper"
					{matrix34
						0.9719 	 0 	 -0.2352
						0.0476 	 0.9793 	 0.1969
						0.2303 	 -0.2025 	 0.9518
						-10.2784 	 -4.9411 	 6.3435
					}
					{bone "aim_hor"
						{parameters "id=body;"}
						{Position 0 	 0 	 0}
						{VolumeView "aim_hor.ply"}
					}
				}
				{bone "1"
					{parameters "id=body;"}
					{VolumeView "1.ply"}
				}
			}
			{bone "standc"
				{parameters "id=body;"}
				{Position -8.3971 	 0 	 1.7874}
				{VolumeView "standc.ply"}
			}
			{bone "centleg_holder"
				{parameters "id=body;"}
				{Position -7.1329 	 -0.2434 	 -1.1985}
				{VolumeView "centleg_holder.ply"}
			}
			{bone "standl"
				{parameters "id=body;"}
				{matrix34
					0.8572 	 -0.515 	 0
					0.515 	 0.8572 	 0
					0 	 0 	 1
					4.0615 	 7.3399 	 1.7874
				}
				{VolumeView "standl.ply"}
				{bone "leftleg_holder"
					{parameters "id=body;"}
					{matrix34
						0.8572 	 0.515 	 0
						-0.515 	 0.8572 	 0
						0 	 0 	 1
						-0.1084 	 -1.2662 	 -2.9858
					}
					{VolumeView "leftleg_holder.ply"}
				}
			}
			{bone "standr"
				{parameters "id=body;"}
				{matrix34
					0.866 	 0.5 	 0
					-0.5 	 0.866 	 0
					0 	 0 	 1
					4.2865 	 -7.1759 	 1.7874
				}
				{VolumeView "standr.ply"}
				{bone "rightleg_holder"
					{parameters "id=body;"}
					{matrix34
						0.866 	 -0.5 	 0
						0.5 	 0.866 	 0
						0 	 0 	 1
						0.1304 	 1.2642 	 -2.9858
					}
					{VolumeView "rightleg_holder.ply"}
				}
			}
		}
		{bone "pivot_front"
			{Position 0 	 0 	 3.9487}
			{bone "left_susp"
				{parameters "id=body;"}
				{matrix34
					1 	 0 	 0
					0 	 0.7431 	 0.6691
					0 	 -0.6691 	 0.7431
					-0.0007 	 8.0852 	 0.4843
				}
				{VolumeView "left_susp.ply"}
				{bone revolute "wheell"
					{parameters "id=wheelleft;"}
					{matrix34
						1 	 0 	 0
						0 	 0 	 -1
						0 	 1 	 0
						0.0007 	 2.6598 	 -1.1242
					}
					{visibility 0}
					{VolumeView "wheell.ply"}
				}
			}
			{bone "right_susp"
				{parameters "id=body;"}
				{matrix34
					1 	 0 	 0
					0 	 0.7431 	 -0.6691
					0 	 0.6691 	 0.7431
					-0.0007 	 -8.0844 	 0.4848
				}
				{VolumeView "right_susp.ply"}
				{bone revolute "wheelr"
					{parameters "id=wheelright;"}
					{matrix34
						1 	 0 	 0
						0 	 0 	 -1
						0 	 1 	 0
						0.0007 	 -2.6479 	 -1.1247
					}
					{visibility 0}
					{VolumeView "wheelr.ply"}
				}
			}
		}
		{bone "seat2"
			{matrix34
				0 	 -1 	 0
				0.9945 	 0 	 -0.1045
				0.1045 	 0 	 0.9945
				-8.6383 	 -3.4178 	 13.5729
			}
		}
		{bone "seat1"
			{matrix34
				0 	 1 	 0
				-0.9945 	 0 	 0.1045
				0.1045 	 0 	 0.9945
				6.4126 	 3.262 	 12.8079
			}
		}
		{bone "link1"
			{matrix34
				-1 	 0 	 0
				0 	 -1 	 0
				0 	 0 	 1
				-37.1839 	 0.161 	 10.6206
			}
		}
		{bone "driver1"
			{Position -17.8857 	 12.6559 	 0.0408}
		}
		{bone "driver2"
			{Position -18.1607 	 -12.8848 	 0.0408}
		}
		{bone "emit1"
			{Position -17.9741 	 -19.5573 	 0}
		}
		{bone "emit2"
			{matrix34
				0 	 -1 	 0
				1 	 0 	 0
				0 	 0 	 1
				1.0183 	 19.6853 	 0
			}
		}
	}
}
{obstacle "close"
	{polygon2
		{radius 0}
		{vertex 1.00224 10.9324}
		{vertex -12.0399 10.9324}
		{vertex -43.2097 -0.15399}
		{vertex -12.0399 -11.5484}
		{vertex 1.00224 -11.5484}
	}
	{Tags "close"}
	{rotate}
}
{obstacle "open1"
	{polygon2
		{radius 0}
		{vertex 10.364 -3.54881}
		{vertex 10.364 3.80832}
		{vertex 0.0115499 7.09364}
		{vertex -37.5625 1.07567}
		{vertex -37.5625 -1.28912}
		{vertex 0.0114374 -7.28364}
	}
	{Tags "open"}
	{rotate}
}
{obstacle "open2"
	{obb2
		{center 10.4338 -18.0295}
		{extent 14.1732 1.19688}
		{axis 0.5 -0.866025}
	}
	{Tags "open"}
}
{obstacle "open3"
	{obb2
		{center 10.3335 17.9329}
		{extent 14.1732 1.19688}
		{axis 0.5 0.866025}
	}
	{Tags "open"}
}
{volume "barrel1"
	{box 15.1577 4.85692 1.8151}
	{bone "gun_rot"}
	{Position -4.4679 	 -1.3204 	 0.0211}
}
{volume "barrel2"
	{cylinder 0.732796 28.4938}
	{bone "gun_rot"}
	{matrix34
		0 	 0 	 -1
		0 	 1 	 0
		1 	 0 	 0
		17.1957 	 -0.0688 	 -0.019
	}
}
{volume "body1"
	{polyhedron "body1.vol"}
	{bone "body"}
	{Position 0 	 0.0128 	 0.9642}
}
{volume "body2"
	{polyhedron "body2.vol"}
	{bone "turret"}
	{matrix34
		1 	 0 	 0
		0 	 0 	 1
		0 	 -1 	 0
		1.8637 	 3.6513 	 5.7188
	}
}
{volume "hole1"
	{box 3.1978 7.52504 13.4461}
	{bone "turret"}
	{matrix34
		0 	 1 	 0
		0 	 0 	 1
		1 	 0 	 0
		2.6949 	 -0.009 	 9.6721
	}
}
{volume "hole2"
	{polyhedron "hole2.vol"}
	{bone "turret"}
	{Position -1.6639 	 -0.001 	 6.577}
}
{volume "magazine"
	{box 4.55351 6.50054 0.671701}
	{bone "magazine"}
	{matrix34
		-0.5 	 -0.866 	 0
		0.866 	 -0.5 	 0
		0 	 0 	 1
		0 	 0 	 0.0078
	}
}
{volume "select"
	{box 33.1479 19.1984 25.8484}
	{bone "body"}
	{Position -5.0386 	 0 	 8.9177}
}
{volume "standc"
	{box 27.6909 1.42304 2.02426}
	{bone "standc"}
	{matrix34
		0.9799 	 0 	 0.1994
		0 	 1 	 0
		-0.1994 	 0 	 0.9799
		-12.2018 	 0.0582 	 -2.6123
	}
}
{volume "standl"
	{box 27.6909 1.42304 2.02426}
	{bone "standl"}
	{matrix34
		0.0171 	 -0.9798 	 0.1994
		0.9998 	 0.0175 	 0
		-0.0035 	 0.1993 	 0.9799
		-0.0591 	 10.9123 	 -2.3655
	}
}
{volume "standr"
	{box 27.6909 1.42304 2.02426}
	{bone "standr"}
	{matrix34
		-0.0086 	 0.9799 	 0.1994
		-1 	 -0.0087 	 0
		0.0017 	 -0.1994 	 0.9799
		-0.1155 	 -10.1491 	 -2.157
	}
}
{volume "wheelleft"
	{cylinder 6.39764 1.77559}
	{bone "wheell"}
	{matrix34
		-0.6561 	 0.7547 	 0
		0.7547 	 0.6561 	 0
		0 	 0 	 -1
		0 	 0 	 -0.4727
	}
}
{volume "wheelright"
	{cylinder 6.39764 1.81594}
	{bone "wheelr"}
	{matrix34
		-0.6559 	 0.7549 	 0
		0.7549 	 0.6559 	 0
		0 	 0 	 -1
		0 	 0 	 0.4928
	}
}
