;Exported by:	 guita
;Date:			 15.09.2023 14:51:51
;File:			 D:\Git\3D_Scenes\GoH_3D_vehicles_usa\vehicles\cannon\75mm_m1897\75mm_m1897_xx.max
{skeleton
	{bone revolute "basis"
		{parameters "wheelradius=0.31;"}
		{orientation
			1 	 0 	 0
			0 	 -1 	 0
			0 	 0 	 1
		}
		{bone "body"
			{parameters "id=body;"}
			{Position 0 	 0 	 9.2379}
			{VolumeView "body.ply"}
			{bone "standl"
				{parameters "id=body;"}
				{matrix34
					0.9994 	 0.0018 	 0.0349
					-0.0018 	 1 	 0
					-0.0349 	 0 	 0.9994
					-1.8566 	 7.3862 	 0.4071
				}
				{VolumeView "standl.ply"}
			}
			{bone "standr"
				{parameters "id=body;"}
				{matrix34
					0.9994 	 -0.0017 	 -0.0333
					0.0017 	 1 	 0
					0.0333 	 0 	 0.9994
					-1.8566 	 -7.3899 	 0.4071
				}
				{VolumeView "standr.ply"}
				{bone "detail4"
					{parameters "id=body;"}
					{matrix34
						0.866 	 0.5 	 0
						-0.5 	 0.866 	 0
						0 	 0 	 1
						-18.5582 	 -9.5039 	 -3.5891
					}
					{VolumeView "detail4.ply"}
				}
			}
			{bone "part1"
				{parameters "id=part1;"}
				{matrix34
					1 	 0 	 0
					0 	 0.9986 	 -0.0523
					0 	 0.0523 	 0.9986
					-1.4495 	 4.247 	 13.9712
				}
				{VolumeView "part1.ply"}
			}
			{bone "part2"
				{parameters "id=part2;"}
				{matrix34
					0.988 	 -0.1542 	 0
					0.154 	 0.9867 	 -0.0523
					0.0081 	 0.0517 	 0.9986
					-2.8521 	 -2.783 	 14.2731
				}
				{VolumeView "part2.ply"}
			}
			{bone "part3"
				{parameters "id=part3;"}
				{matrix34
					0.9658 	 -0.2351 	 -0.1088
					0.2103 	 0.9568 	 -0.201
					0.1514 	 0.1712 	 0.9735
					27.1987 	 -6.2966 	 10.2276
				}
				{VolumeView "part3.ply"}
			}
		}
		{bone "pivot_front"
			{Position 0 	 0 	 10.0192}
			{bone prizmatic "suspension_r1"
				{limits -0.02 0.02}
				{speed 0.09}
				{Position 0 	 -18.6052 	 0}
				{bone revolute "wheelr"
					{parameters "id=wheelright;"}
					{matrix34
						1 	 0 	 0
						0 	 0 	 -1
						0 	 1 	 0
						0 	 -0.3108 	 -0.2841
					}
					{VolumeView "wheelr.ply"}
				}
			}
			{bone prizmatic "suspension_l1"
				{limits -0.02 0.02}
				{speed 0.09}
				{Position 0 	 18.6244 	 0}
				{bone revolute "wheell"
					{parameters "id=wheelleft;"}
					{matrix34
						1 	 0 	 0
						0 	 0 	 -1
						0 	 1 	 0
						0 	 0.2916 	 -0.2841
					}
					{VolumeView "wheell.ply"}
				}
			}
		}
	}
}
{obstacle "obstacle"
	{obb2
		{center 1.19209e-006 -0.0120258}
		{extent 6.10236 21.3685}
		{axis 1 0}
	}
	{rotate}
}
{volume "barrel1"
	{polyhedron "barrel1.vol"}
	{bone "body"}
	{matrix34
		0.9662 	 -0.2331 	 -0.1102
		0.2269 	 0.9717 	 -0.0658
		0.1225 	 0.0386 	 0.9917
		4.8862 	 -1.1002 	 9.6805
	}
}
{volume "barrel2"
	{polyhedron "barrel2.vol"}
	{bone "part3"}
	{Position -14.5106 	 0 	 0}
}
{volume "body1"
	{box 9.22987 30.5962 3.45672}
	{bone "body"}
	{Position -0.3019 	 0 	 0.2828}
}
{volume "body2"
	{box 5.401 7.17248 7.33076}
	{bone "body"}
	{matrix34
		0.9364 	 -0.2363 	 -0.2594
		0.2676 	 0.0028 	 0.9635
		-0.2269 	 -0.9717 	 0.0658
		-6.9463 	 1.0771 	 1.1981
	}
}
{volume "body3"
	{polyhedron "body3.vol"}
	{bone "body"}
	{matrix34
		0.9738 	 -0.2256 	 0.0275
		0.2269 	 0.9717 	 -0.0658
		-0.0119 	 0.0704 	 0.9975
		-3.0661 	 3.9746 	 9.5939
	}
}
{volume "hole1"
	{box 7.5361 10.1534 0.563176}
	{bone "part2"}
	{matrix34
		0 	 -1 	 0
		-0.1998 	 0 	 0.9798
		-0.9798 	 0 	 -0.1998
		0.9492 	 -12.3789 	 -4.2432
	}
}
{volume "hole2"
	{box 7.5361 10.1534 0.563176}
	{bone "part1"}
	{matrix34
		0 	 -1 	 0
		-0.1998 	 0 	 0.9798
		-0.9798 	 0 	 -0.1998
		0.558 	 12.4069 	 -4.3097
	}
}
{volume "shield1"
	{box 16.6065 15.3204 0.280632}
	{bone "part2"}
	{matrix34
		0 	 -1 	 0
		-0.1991 	 0 	 0.98
		-0.98 	 0 	 -0.1991
		0.404 	 -7.593 	 -1.5223
	}
}
{volume "shield2"
	{box 16.6065 15.3204 0.280632}
	{bone "part1"}
	{matrix34
		0 	 -1 	 0
		-0.1991 	 0 	 0.98
		-0.98 	 0 	 -0.1991
		0.0128 	 7.6901 	 -1.5888
	}
}
{volume "standl"
	{box 61.6534 2.677 3.28124}
	{bone "standl"}
	{matrix34
		0.8561 	 -0.4942 	 0.1513
		0.5007 	 0.8656 	 -0.005
		-0.1285 	 0.08 	 0.9885
		-27.5749 	 16.1811 	 -4.4392
	}
}
{volume "standr"
	{box 62.8059 2.29687 3.28124}
	{bone "standr"}
	{matrix34
		0.8549 	 0.4992 	 0.1415
		-0.5047 	 0.8633 	 0.0032
		-0.1206 	 -0.0741 	 0.9899
		-28.0194 	 -16.1767 	 -4.4705
	}
}
{volume "wheelleft"
	{cylinder 6.10236 4.86792}
	{bone "wheell"}
	{matrix34
		-1 	 0 	 0
		0 	 -1 	 0
		0 	 0 	 1
		0 	 0 	 -0.0015
	}
}
{volume "wheelright"
	{cylinder 6.10236 4.86792}
	{bone "wheelr"}
	{matrix34
		-1 	 0 	 0
		0 	 -1 	 0
		0 	 0 	 1
		0 	 0 	 -0.0065
	}
}
