;Exported by:	 guita
;Date:			 31.07.2021 12:02:07
;File:			 D:\Git\3D_Scenes\GoH_3D_vehicles_ger\vehicles\tank_heavy\tiger H and E\Pz6 Tiger H.max
{skeleton
	{animation
		{sequence "start" {speed 0.7}}
		{sequence "stop" {speed 0.7}}
		{sequence "fire" {speed 0.6}}
		{sequence "hit" {speed 0.5}}
		{sequence "open" {speed 0.6}{resume} {events {2 "hatch_medium"}}}
		{sequence "open_driver" {speed 0.35}{resume} {events {2 "hatch_heavy"} {109 "hatch_heavy"}}}
	}
	{bone "basis"
		{orientation
			1 	 0 	 0
			0 	 -1 	 0
			0 	 0 	 1
		}
		{bone "wheelsl"
			{parameters "wheelsl;id=trackleft;"}
			{Position 0 	 27.5273 	 0}
			{bone prizmatic "suspension_l2"
				{limits -0.1 0.1}
				{speed 0.2}
				{Position 26.6624 	 -2.4333 	 9.2292}
				{bone revolute "wheell3"
					{parameters "id=trackleft;radius=0.49;"}
					{matrix34
						1 	 0 	 0
						0 	 0 	 -1
						0 	 1 	 0
						0 	 1.6652 	 0
					}
					{LODView
						{VolumeView "wheell3.ply"}
						{VolumeView "wheell3_lod1.ply"}
					}
				}
			}
			{bone prizmatic "suspension_l3"
				{limits -0.12 0.12}
				{speed 0.2}
				{Position 16.4614 	 -2.4333 	 9.2292}
				{bone revolute "wheell4"
					{parameters "id=trackleft;radius=0.49;"}
					{matrix34
						0 	 0 	 -1
						-1 	 0 	 0
						0 	 1 	 0
						0 	 3.937 	 0
					}
					{LODView
						{VolumeView "wheell4.ply"}
						{VolumeView "wheell4_lod1.ply"}
					}
				}
			}
			{bone prizmatic "suspension_l4"
				{limits -0.15 0.15}
				{speed 0.2}
				{Position 6.4478 	 -2.4333 	 9.2292}
				{bone revolute "wheell5"
					{parameters "id=trackleft;radius=0.49;"}
					{matrix34
						0.5 	 0 	 -0.866
						-0.866 	 0 	 -0.5
						0 	 1 	 0
						0 	 1.6652 	 0
					}
					{LODView
						{VolumeView "wheell3.ply"}
						{VolumeView "wheell3_lod1.ply"}
					}
				}
			}
			{bone prizmatic "suspension_l5"
				{limits -0.15 0.15}
				{speed 0.2}
				{Position -3.577 	 -2.4333 	 9.2292}
				{bone revolute "wheell6"
					{parameters "id=trackleft;radius=0.49;"}
					{matrix34
						0.5 	 0 	 0.866
						0.866 	 0 	 -0.5
						0 	 1 	 0
						0 	 3.937 	 0
					}
					{LODView
						{VolumeView "wheell4.ply"}
						{VolumeView "wheell4_lod1.ply"}
					}
				}
			}
			{bone prizmatic "suspension_l6"
				{limits -0.12 0.12}
				{speed 0.2}
				{Position -13.614 	 -2.4333 	 9.2292}
				{bone revolute "wheell7"
					{parameters "id=trackleft;radius=0.49;"}
					{matrix34
						-0.5 	 0 	 -0.866
						-0.866 	 0 	 0.5
						0 	 1 	 0
						0 	 1.6652 	 0
					}
					{LODView
						{VolumeView "wheell3.ply"}
						{VolumeView "wheell3_lod1.ply"}
					}
				}
			}
			{bone prizmatic "suspension_l7"
				{limits -0.1 0.1}
				{speed 0.2}
				{Position -23.6388 	 -2.4333 	 9.2292}
				{bone revolute "wheell8"
					{parameters "id=trackleft;radius=0.49;"}
					{matrix34
						-0.866 	 0 	 0.5
						0.5 	 0 	 0.866
						0 	 1 	 0
						0 	 3.937 	 0
					}
					{LODView
						{VolumeView "wheell4.ply"}
						{VolumeView "wheell4_lod1.ply"}
					}
				}
			}
			{bone prizmatic "suspension_l8"
				{limits -0.08 0.08}
				{speed 0.2}
				{Position -33.9364 	 -2.4333 	 9.2292}
				{bone revolute "wheell9"
					{parameters "id=trackleft;radius=0.49;"}
					{matrix34
						0 	 0 	 1
						1 	 0 	 0
						0 	 1 	 0
						0 	 1.6652 	 0
					}
					{LODView
						{VolumeView "wheell3.ply"}
						{VolumeView "wheell3_lod1.ply"}
					}
				}
			}
			{bone prizmatic "suspension_l1"
				{limits -0.08 0.08}
				{speed 0.2}
				{Position 36.3874 	 -2.4333 	 9.2292}
				{bone revolute "wheell2"
					{parameters "id=trackleft;radius=0.49;"}
					{matrix34
						1 	 0 	 0
						0 	 0 	 -1
						0 	 1 	 0
						0 	 3.937 	 0
					}
					{LODView
						{VolumeView "wheell4.ply"}
						{VolumeView "wheell4_lod1.ply"}
					}
				}
			}
			{bone "trackl"
				{parameters "id=trackleft;"}
				{Position 1.9966 	 0.7121 	 11.5282}
				{VolumeView "trackl.ply"}
			}
		}
		{bone "wheelsr"
			{parameters "wheelsr;id=trackright;"}
			{Position 0 	 -28.868 	 0}
			{bone "trackr"
				{parameters "id=trackright;"}
				{Position 1.9966 	 0.5967 	 11.5282}
				{VolumeView "trackr.ply"}
			}
			{bone prizmatic "suspension_r3"
				{limits -0.12 0.12}
				{speed 0.2}
				{Position 16.4614 	 -4.2729 	 9.2292}
				{bone revolute "wheelr4"
					{parameters "id=trackright;radius=0.49;"}
					{matrix34
						0 	 0 	 1
						1 	 0 	 0
						0 	 1 	 0
						0 	 4.1021 	 0
					}
					{LODView
						{VolumeView "wheelr4.ply"}
						{VolumeView "wheelr4_lod1.ply"}
					}
				}
			}
			{bone prizmatic "suspension_r4"
				{limits -0.15 0.15}
				{speed 0.2}
				{Position 6.4478 	 -4.2729 	 9.2292}
				{bone revolute "wheelr5"
					{parameters "id=trackright;radius=0.49;"}
					{matrix34
						0.5 	 0 	 -0.866
						-0.866 	 0 	 -0.5
						0 	 1 	 0
						0 	 6.3739 	 0
					}
					{LODView
						{VolumeView "wheelr5.ply"}
						{VolumeView "wheelr5_lod1.ply"}
					}
				}
			}
			{bone prizmatic "suspension_r5"
				{limits -0.15 0.15}
				{speed 0.2}
				{Position -3.577 	 -4.2729 	 9.2292}
				{bone revolute "wheelr6"
					{parameters "id=trackright;radius=0.49;"}
					{matrix34
						-0.5 	 0 	 -0.866
						-0.866 	 0 	 0.5
						0 	 1 	 0
						0 	 4.1021 	 0
					}
					{LODView
						{VolumeView "wheelr4.ply"}
						{VolumeView "wheelr4_lod1.ply"}
					}
				}
			}
			{bone prizmatic "suspension_r6"
				{limits -0.12 0.12}
				{speed 0.2}
				{Position -13.614 	 -4.2729 	 9.2292}
				{bone revolute "wheelr7"
					{parameters "id=trackright;radius=0.49;"}
					{matrix34
						-0.5 	 0 	 -0.866
						-0.866 	 0 	 0.5
						0 	 1 	 0
						0 	 6.3739 	 0
					}
					{LODView
						{VolumeView "wheelr5.ply"}
						{VolumeView "wheelr5_lod1.ply"}
					}
				}
			}
			{bone prizmatic "suspension_r7"
				{limits -0.1 0.1}
				{speed 0.2}
				{Position -23.6388 	 -4.2729 	 9.2292}
				{bone revolute "wheelr8"
					{parameters "id=trackright;radius=0.49;"}
					{matrix34
						0.5 	 0 	 -0.866
						-0.866 	 0 	 -0.5
						0 	 1 	 0
						0 	 4.1021 	 0
					}
					{LODView
						{VolumeView "wheelr4.ply"}
						{VolumeView "wheelr4_lod1.ply"}
					}
				}
			}
			{bone prizmatic "suspension_r8"
				{limits -0.08 0.08}
				{speed 0.2}
				{Position -33.9364 	 -4.2729 	 9.2292}
				{bone revolute "wheelr9"
					{parameters "id=trackright;radius=0.49;"}
					{matrix34
						0 	 0 	 1
						1 	 0 	 0
						0 	 1 	 0
						0 	 6.3739 	 0
					}
					{LODView
						{VolumeView "wheelr5.ply"}
						{VolumeView "wheelr5_lod1.ply"}
					}
				}
			}
			{bone prizmatic "suspension_r1"
				{limits -0.08 0.08}
				{speed 0.2}
				{Position 36.3874 	 -4.2729 	 9.2292}
				{bone revolute "wheelr2"
					{parameters "id=trackright;radius=0.49;"}
					{matrix34
						1 	 0 	 0
						0 	 0 	 -1
						0 	 1 	 0
						0 	 4.1021 	 0
					}
					{LODView
						{VolumeView "wheelr4.ply"}
						{VolumeView "wheelr4_lod1.ply"}
					}
				}
			}
			{bone prizmatic "suspension_r2"
				{limits -0.1 0.1}
				{speed 0.2}
				{Position 26.6624 	 -4.2729 	 9.2292}
				{bone revolute "wheelr3"
					{parameters "id=trackright;radius=0.49;"}
					{matrix34
						1 	 0 	 0
						0 	 0 	 -1
						0 	 1 	 0
						0 	 6.3739 	 0
					}
					{LODView
						{VolumeView "wheelr5.ply"}
						{VolumeView "wheelr5_lod1.ply"}
					}
				}
			}
		}
		{bone "body"
			{parameters "id=body;"}
			{animation
				{sequence "repair" {file "body_r.anm"}{speed 0.9}}
			}
			{Position -4.9047 	 0.3097 	 21.026}
			{LODView
				{VolumeView "body.ply"}
				{VolumeView "body_lod1.ply"}
			}
			{bone revolute "wheelr1"
				{parameters "id=trackright;radius=0.46;"}
				{matrix34
					1 	 0 	 0
					0 	 0 	 -1
					0 	 1 	 0
					55.0788 	 -26.5984 	 -7.0052
				}
				{LODView
					{VolumeView "wheelr1.ply"}
					{VolumeView "wheelr1_lod1.ply"}
				}
			}
			{bone revolute "wheelr10"
				{parameters "id=trackright;radius=0.34;"}
				{matrix34
					1 	 0 	 0
					0 	 0 	 -1
					0 	 1 	 0
					-42.7569 	 -27.4026 	 -10.0672
				}
				{LODView
					{VolumeView "wheelr10.ply"}
					{VolumeView "wheelr10_lod1.ply"}
				}
			}
			{bone revolute "wheell1"
				{parameters "id=trackleft;radius=0.46;"}
				{matrix34
					1 	 0 	 0
					0 	 0 	 -1
					0 	 1 	 0
					55.0788 	 25.9713 	 -7.0053
				}
				{LODView
					{VolumeView "wheell1.ply"}
					{VolumeView "wheell1_lod1.ply"}
				}
			}
			{bone revolute "wheell10"
				{parameters "id=trackleft;radius=0.34;"}
				{matrix34
					1 	 0 	 0
					0 	 0 	 -1
					0 	 1 	 0
					-42.7569 	 26.7755 	 -10.0672
				}
				{LODView
					{VolumeView "wheell10.ply"}
					{VolumeView "wheell10_lod1.ply"}
				}
			}
			{bone "engine"
				{parameters "id=engine;"}
				{animation
					{sequence "repair" {file "engine_r.anm"}{speed 0.6}}
				}
				{Position -36.7588 	 0 	 1.9928}
				{LODView
					{VolumeView "engine.ply"}
					{VolumeView "engine_lod1.ply"}
				}
				{bone "engine_hatch1"
					{parameters "id=engine;"}
					{Position -2.8323 	 20.2639 	 11.566}
					{LODView
						{VolumeView "engine_hatch1.ply"}
						{VolumeView "engine_hatch1_lod1.ply"}
					}
					{bone "engine_hatch1_detail"
						{parameters "id=engine;"}
						{Position -1.63 	 3.4984 	 1.3525}
						{LODView
							{VolumeView "engine_hatch1_detail.ply"}
							{VolumeView "engine_hatch1_detail_lod1.ply"}
						}
					}
				}
				{bone "engine_hatch2"
					{parameters "id=engine;"}
					{Position -2.8323 	 -20.8824 	 11.566}
					{LODView
						{VolumeView "engine_hatch2.ply"}
						{VolumeView "engine_hatch2_lod1.ply"}
					}
					{bone "engine_hatch2_detail"
						{parameters "id=engine;"}
						{Position -1.6212 	 -3.5554 	 1.376}
						{LODView
							{VolumeView "engine_hatch2_detail.ply"}
							{VolumeView "engine_hatch2_detail_lod1.ply"}
						}
					}
				}
				{bone "seat01"
					{matrix34
						0.059 	 0.9641 	 0.2588
						-0.9981 	 0.061 	 0
						-0.0158 	 -0.2583 	 0.9659
						15.0478 	 29.5058 	 5.6878
					}
				}
				{bone "seat03"
					{matrix34
						-0.0842 	 0.9623 	 0.2588
						-0.9962 	 -0.0872 	 0
						0.0226 	 -0.2578 	 0.9659
						-7.3006 	 29.5058 	 5.6878
					}
				}
				{bone "seat02"
					{matrix34
						-0.0084 	 -0.9612 	 0.2756
						1 	 -0.0087 	 0
						0.0024 	 0.2756 	 0.9613
						-8.6233 	 -31.1307 	 5.6878
					}
				}
				{bone "seat04"
					{matrix34
						-0.0838 	 -0.9576 	 0.2756
						0.9962 	 -0.0872 	 0
						0.024 	 0.2746 	 0.9613
						15.0478 	 -31.1307 	 5.6878
					}
				}
				{bone "fxsmoke2"
					{matrix34
						-0.1415 	 -0.0031 	 0.9899
						0.0241 	 -0.9997 	 0.0003
						0.9897 	 0.0239 	 0.1415
						-18.1493 	 -7.897 	 12.9327
					}
				}
				{bone "fxsmoke1"
					{matrix34
						-0.1415 	 -0.001 	 0.9899
						-0.0025 	 -1 	 -0.0014
						0.9899 	 -0.0026 	 0.1415
						-18.1493 	 7.334 	 12.9327
					}
				}
				{bone "link2"
					{matrix34
						-1 	 0 	 -0.0073
						-0.0073 	 0 	 1
						0 	 1 	 0
						-13.1879 	 -0.3207 	 -12.599
					}
				}
				{bone "engine_pipes"
					{parameters "commonmesh;id=engine;"}
					{Position 0 	 0 	 0.1296}
					{LODView
						{VolumeView "engine_pipes.ply"}
						{VolumeView "engine_pipes_lod1.ply"}
					}
				}
				{bone "fxfire1"
					{matrix34
						0 	 0 	 1
						0 	 1 	 0
						-1 	 0 	 0
						2.3009 	 -0.3097 	 6.0907
					}
				}
			}
			{bone revolute "turret"
				{parameters "id=turret;"}
				{animation
					{sequence "repair" {file "turret_r.anm"}}
				}
				{speed 0.005}
				{Position 4.3603 	 -0.2722 	 14.6429}
				{LODView
					{VolumeView "turret.ply"}
					{VolumeView "turret_lod1.ply"}
				}
				{bone revolute "gun_rot"
					{parameters "id=gun;"}
					{animation
						{sequence "repair" {file "gun_r.anm"}}
					}
					{limits -8 15}
					{speed 0.005}
					{matrix34
						1 	 0 	 0
						0 	 0 	 1
						0 	 -1 	 0
						22.6108 	 1.1354 	 6.3753
					}
					{LODView
						{VolumeView "gun_rot.ply"}
						{VolumeView "gun_rot_lod1.ply"}
					}
					{bone "gun"
						{parameters "id=gun;"}
						{matrix34
							1 	 0 	 0
							0 	 0 	 -1
							0 	 1 	 0
							51.5266 	 0.0964 	 1.2169
						}
						{LODView
							{VolumeView "gun.ply"}
							{VolumeView "gun_lod1.ply"}
						}
						{bone "foresight1"
							{Position 28.6462 	 0 	 0}
						}
					}
					{bone "foresight5"
						{matrix34
							1 	 0 	 0
							0 	 0 	 -1
							0 	 1 	 0
							4.8865 	 1.3205 	 10.1871
						}
					}
				}
				{bone "commander_hatch"
					{parameters "id=turret;"}
					{matrix34
						0.9452 	 0.3266 	 0
						-0.3266 	 0.9452 	 0
						0 	 0 	 1
						-5.9938 	 5.7844 	 21.0094
					}
					{LODView
						{VolumeView "commander_hatch.ply"}
						{VolumeView "commander_hatch_lod1.ply"}
					}
				}
				{bone "smoke_shot3_cap"
					{parameters "id=turret;"}
					{Position 15.8362 	 25.8078 	 11.4743}
					{VolumeView "smoke_shot3_cap.ply"}
				}
				{bone "smoke_shot2_cap"
					{parameters "id=turret;"}
					{Position 15.349 	 24.6963 	 13.2371}
					{VolumeView "smoke_shot2_cap.ply"}
				}
				{bone "smoke_shot1_cap"
					{parameters "id=turret;"}
					{Position 14.8553 	 23.5315 	 14.9665}
					{VolumeView "smoke_shot1_cap.ply"}
				}
				{bone "smoke_shot6_cap"
					{parameters "id=turret;"}
					{Position 15.8362 	 -24.6029 	 11.4743}
					{VolumeView "smoke_shot6_cap.ply"}
				}
				{bone "smoke_shot5_cap"
					{parameters "id=turret;"}
					{Position 15.349 	 -23.4915 	 13.2371}
					{VolumeView "smoke_shot5_cap.ply"}
				}
				{bone "smoke_shot4_cap"
					{parameters "id=turret;"}
					{VolumeView "smoke_shot4_cap.ply"}
				}
				{bone "visor1"
					{Position 0.8714 	 10.5089 	 17.1757}
				}
				{bone "fxfire4"
					{matrix34
						0 	 0 	 1
						0 	 1 	 0
						-1 	 0 	 0
						-0.2625 	 -0.0928 	 -0.0866
					}
				}
				{bone "fxfire3"
					{matrix34
						0 	 0 	 1
						0 	 1 	 0
						-1 	 0 	 0
						-8.2351 	 10.4412 	 20.501
					}
				}
				{bone "enumerator"
					{parameters "id=turret;"}
					{Position 0.9722 	 22.9097 	 7.4958}
					{VolumeView "enumerator.ply"}
				}
				{bone "enumerator2"
					{parameters "id=turret;"}
					{matrix34
						-1 	 0.0087 	 0
						-0.0087 	 -1 	 0
						0 	 0 	 1
						-1.2895 	 -23.1388 	 7.4958
					}
					{VolumeView "enumerator2.ply"}
				}
				{bone "smoke_shot3"
					{matrix34
						-0.671 	 -0.4102 	 -0.6176
						0.1851 	 -0.8993 	 0.3962
						-0.718 	 0.1515 	 0.6794
						16.6707 	 26.2475 	 12.1241
					}
				}
				{bone "smoke_shot2"
					{matrix34
						-0.7386 	 -0.2885 	 -0.6093
						0.1719 	 -0.9545 	 0.2436
						-0.6518 	 0.0752 	 0.7546
						16.2362 	 24.9147 	 13.9304
					}
				}
				{bone "smoke_shot1"
					{matrix34
						-0.8381 	 -0.063 	 -0.5418
						0.0619 	 -0.9979 	 0.0203
						-0.542 	 -0.0165 	 0.8402
						15.6942 	 23.4906 	 15.4493
					}
				}
				{bone "smoke_shot4"
					{matrix34
						-0.8426 	 0.1352 	 -0.5213
						-0.1362 	 -0.99 	 -0.0368
						-0.5211 	 0.04 	 0.8526
						15.8814 	 -22.5354 	 15.595
					}
				}
				{bone "smoke_shot6"
					{matrix34
						-0.7087 	 0.4429 	 -0.5491
						-0.3443 	 -0.8965 	 -0.2788
						-0.6158 	 -0.0086 	 0.7879
						16.471 	 -25.0307 	 12.016
					}
				}
				{bone "smoke_shot5"
					{matrix34
						-0.8463 	 0.2799 	 -0.4532
						-0.2031 	 -0.9561 	 -0.2113
						-0.4924 	 -0.0868 	 0.866
						16.5031 	 -23.8466 	 13.8672
					}
				}
				{bone "fxsmoke_shot3"
					{matrix34
						0.671 	 0.4102 	 0.6176
						-0.1851 	 0.8993 	 -0.3962
						-0.718 	 0.1515 	 0.6794
						15.9441 	 25.8049 	 11.4706
					}
				}
				{bone "fxsmoke_shot2"
					{matrix34
						0.7386 	 0.2885 	 0.6093
						-0.1719 	 0.9545 	 -0.2436
						-0.6518 	 0.0752 	 0.7546
						15.6807 	 24.6989 	 13.4862
					}
				}
				{bone "fxsmoke_shot1"
					{matrix34
						0.8381 	 0.063 	 0.5418
						-0.0619 	 0.9979 	 -0.0203
						-0.542 	 -0.0165 	 0.8402
						15.0672 	 23.4438 	 15.0567
					}
				}
				{bone "fxsmoke_shot6"
					{matrix34
						0.7087 	 -0.4429 	 0.5491
						0.3443 	 0.8965 	 0.2788
						-0.6158 	 -0.0086 	 0.7879
						15.9577 	 -24.7089 	 11.6318
					}
				}
				{bone "fxsmoke_shot4"
					{matrix34
						0.8426 	 -0.1352 	 0.5213
						0.1362 	 0.99 	 0.0368
						-0.5211 	 0.04 	 0.8526
						15.0622 	 -22.4037 	 15.1006
					}
				}
				{bone "fxsmoke_shot5"
					{matrix34
						0.8463 	 -0.2799 	 0.4532
						0.2031 	 0.9561 	 0.2113
						-0.4924 	 -0.0868 	 0.866
						15.6039 	 -23.5483 	 13.3982
					}
				}
				{bone "enumerator3"
					{parameters "id=turret;"}
					{matrix34
						0 	 1 	 0
						-1 	 0 	 0
						0 	 0 	 1
						-31.2525 	 1.4631 	 8.8325
					}
					{VolumeView "enumerator3.ply"}
				}
				{bone "commander_hatch_detail"
					{parameters "id=turret;"}
					{matrix34
						0.9495 	 0.3137 	 0
						-0.3137 	 0.9495 	 0
						0 	 0 	 1
						-5.9971 	 4.2676 	 21.7575
					}
					{LODView
						{VolumeView "commander_hatch_detail.ply"}
						{VolumeView "commander_hatch_detail_lod1.ply"}
					}
				}
				{bone "detail18"
					{parameters "id=body;"}
					{matrix34
						-0.9348 	 -0.3553 	 0
						0 	 0 	 -1
						0.3553 	 -0.9348 	 0
						9.5728 	 -20.8274 	 3.4482
					}
					{VolumeView "detail18.ply"}
				}
				{bone "detail17"
					{parameters "id=body;"}
					{matrix34
						0 	 -0.061 	 0.9981
						0 	 -0.9981 	 -0.061
						1 	 0 	 0
						27.756 	 15.0814 	 6.7981
					}
					{VolumeView "detail17.ply"}
				}
				{bone revolute "commander_rot"
					{speed 0.2}
					{terminator}
					{Position -8.2757 	 10.7264 	 20.3847}
					{bone "gunner2"
					}
					{bone revolute "vision_rot"
						{limits -10 85}
						{matrix34
							1 	 0 	 0
							0 	 0 	 1
							0 	 -1 	 0
							0 	 0 	 2.1884
						}
					}
				}
			}
			{bone "at1"
				{parameters "id=engine;"}
				{Position -14.4023 	 -29.1468 	 16.1051}
				{VolumeView "at1.ply"}
				{bone "at2"
					{parameters "id=engine;"}
					{Position -0.0259 	 0 	 12.7227}
					{VolumeView "at2.ply"}
					{bone "at3"
						{parameters "id=engine;"}
						{Position -0.6819 	 0 	 7.3918}
						{VolumeView "at3.ply"}
						{bone "at4"
							{parameters "id=engine;"}
							{Position -1.037 	 0 	 5.1808}
							{VolumeView "at4.ply"}
						}
					}
				}
			}
			{bone "detail10"
				{parameters "id=body;"}
				{Position -33.4994 	 -24.2269 	 15.8939}
				{LODView
					{VolumeView "detail10.ply"}
					{VolumeView "detail10_lod1.ply"}
				}
			}
			{bone "detail11"
				{parameters "id=body;"}
				{Position -52.1559 	 -22.2009 	 8.0695}
				{LODView
					{VolumeView "detail11.ply"}
					{VolumeView "detail11_lod1.ply"}
				}
			}
			{bone "detail2"
				{parameters "id=body;"}
				{Position 43.3587 	 12.2261 	 14.2469}
				{LODView
					{VolumeView "detail2.ply"}
					{VolumeView "detail2_lod1.ply"}
				}
			}
			{bone "detail7"
				{parameters "id=body;"}
				{Position 6.5618 	 27.9477 	 13.951}
				{LODView
					{VolumeView "detail7.ply"}
					{VolumeView "detail7_lod1.ply"}
				}
			}
			{bone "detail12"
				{parameters "id=body;"}
				{Position 63.8158 	 -0.6926 	 -4.847}
				{LODView
					{VolumeView "detail12.ply"}
					{VolumeView "detail12_lod1.ply"}
				}
			}
			{bone "detail3"
				{parameters "id=body;"}
				{Position 41.6764 	 -8.1227 	 14.788}
				{LODView
					{VolumeView "detail3.ply"}
					{VolumeView "detail3_lod1.ply"}
				}
			}
			{bone "detail6"
				{parameters "id=body;"}
				{Position -5.2145 	 21.5278 	 14.4381}
				{LODView
					{VolumeView "detail6.ply"}
					{VolumeView "detail6_lod1.ply"}
				}
			}
			{bone "detail5"
				{parameters "id=body;"}
				{Position 35.4762 	 -2.4162 	 13.9981}
				{LODView
					{VolumeView "detail5.ply"}
					{VolumeView "detail5_lod1.ply"}
				}
			}
			{bone "detail9"
				{parameters "id=body;"}
				{Position -3.94 	 -21.6409 	 14.2082}
				{VolumeView "detail9.ply"}
			}
			{bone "detail1"
				{parameters "id=body;"}
				{Position 55.8471 	 -1.5696 	 5.855}
				{LODView
					{VolumeView "detail1.ply"}
					{VolumeView "detail1_lod1.ply"}
				}
			}
			{bone "detail8"
				{parameters "id=body;"}
				{Position 23.2742 	 -23.5608 	 13.9198}
				{LODView
					{VolumeView "detail8.ply"}
					{VolumeView "detail8_lod1.ply"}
				}
			}
			{bone "detail4"
				{parameters "id=body;"}
				{Position 36.795 	 2.2764 	 13.765}
				{LODView
					{VolumeView "detail4.ply"}
					{VolumeView "detail4_lod1.ply"}
				}
			}
			{bone "suspension_arms"
				{parameters "id=body;"}
				{Position 6.8004 	 -0.1778 	 -11.2928}
				{LODView
					{VolumeView "suspension_arms.ply"}
					{VolumeView "suspension_arms_lod1.ply"}
				}
			}
			{bone "driver_hatch"
				{parameters "id=body;"}
				{Position 37.3041 	 22.3688 	 13.0777}
				{LODView
					{VolumeView "driver_hatch.ply"}
					{VolumeView "driver_hatch_lod1.ply"}
				}
			}
			{bone revolute "mgun_h_rot2"
				{limits -15 12.5}
				{matrix34
					1 	 0 	 0
					0 	 0 	 1
					0 	 -1 	 0
					47.9969 	 -11.2706 	 9.7034
				}
				{bone revolute "mgun_h_rot1"
					{parameters "id=body;"}
					{limits -15 15}
					{matrix34
						1 	 0 	 0
						0 	 0 	 -1
						0 	 1 	 0
						0 	 0 	 0
					}
					{VolumeView "mgun_h_rot1.ply"}
					{bone "foresight4"
						{Position 9.1023 	 -0.4554 	 0.2615}
					}
				}
			}
			{bone "shieldl3"
				{parameters "id=shieldl3;"}
				{Position 12.5998 	 33.4504 	 4.6412}
				{LODView
					{VolumeView "shieldl3.ply"}
					{VolumeView "shieldl3_lod1.ply"}
				}
			}
			{bone "shieldl2"
				{parameters "id=shieldl2;"}
				{Position 36.9196 	 33.4023 	 5.7932}
				{LODView
					{VolumeView "shieldl2.ply"}
					{VolumeView "shieldl2_lod1.ply"}
				}
			}
			{bone "shieldl4"
				{parameters "id=shieldl4;"}
				{Position -11.9415 	 33.4034 	 3.2941}
				{LODView
					{VolumeView "shieldl4.ply"}
					{VolumeView "shieldl4_lod1.ply"}
				}
			}
			{bone "shieldl5"
				{parameters "id=shieldl5;"}
				{Position -36.7564 	 33.4023 	 2.0547}
				{LODView
					{VolumeView "shieldl5.ply"}
					{VolumeView "shieldl5_lod1.ply"}
				}
			}
			{bone "shieldl1"
				{parameters "id=shieldl1;"}
				{Position 57.0057 	 26.7438 	 4.4884}
				{LODView
					{VolumeView "shieldl1.ply"}
					{VolumeView "shieldl1_lod1.ply"}
				}
			}
			{bone "shieldl6"
				{parameters "id=shieldl6;"}
				{Position -52.3187 	 27.2649 	 -2.2948}
				{LODView
					{VolumeView "shieldl6.ply"}
					{VolumeView "shieldl6_lod1.ply"}
				}
			}
			{bone "shieldl7"
				{parameters "id=shieldl7;"}
				{Position -54.165 	 7.231 	 5.6898}
				{LODView
					{VolumeView "shieldl7.ply"}
					{VolumeView "shieldl7_lod1.ply"}
				}
			}
			{bone "shieldr7"
				{parameters "id=shieldr7;"}
				{Position -54.165 	 -7.9049 	 5.6898}
				{LODView
					{VolumeView "shieldr7.ply"}
					{VolumeView "shieldr7_lod1.ply"}
				}
			}
			{bone "shieldr3"
				{parameters "id=shieldr3;"}
				{Position 12.5998 	 -34.0724 	 4.6508}
				{LODView
					{VolumeView "shieldr3.ply"}
					{VolumeView "shieldr3_lod1.ply"}
				}
			}
			{bone "shieldr2"
				{parameters "id=shieldr2;"}
				{Position 36.9196 	 -34.0259 	 5.8011}
				{LODView
					{VolumeView "shieldr2.ply"}
					{VolumeView "shieldr2_lod1.ply"}
				}
			}
			{bone "shieldr4"
				{parameters "id=shieldr4;"}
				{Position -11.9415 	 -34.032 	 3.2941}
				{LODView
					{VolumeView "shieldr4.ply"}
					{VolumeView "shieldr4_lod1.ply"}
				}
			}
			{bone "shieldr5"
				{parameters "id=shieldr5;"}
				{Position -36.7521 	 -34.0309 	 2.0547}
				{LODView
					{VolumeView "shieldr5.ply"}
					{VolumeView "shieldr5_lod1.ply"}
				}
			}
			{bone "shieldr1"
				{parameters "id=shieldr1;"}
				{Position 57.0057 	 -27.4131 	 4.5184}
				{LODView
					{VolumeView "shieldr1.ply"}
					{VolumeView "shieldr1_lod1.ply"}
				}
			}
			{bone "shieldr6"
				{parameters "id=shieldr6;"}
				{Position -52.3187 	 -27.8915 	 -2.2948}
				{LODView
					{VolumeView "shieldr6.ply"}
					{VolumeView "shieldr6_lod1.ply"}
				}
			}
			{bone "armorlightr"
				{matrix34
					1 	 0 	 0
					0 	 0 	 1
					0 	 -1 	 0
					45.164 	 -29.4858 	 16.9514
				}
			}
			{bone "armorlightl"
				{matrix34
					1 	 0 	 0
					0 	 0 	 1
					0 	 -1 	 0
					45.164 	 28.9031 	 16.9514
				}
			}
			{bone "visor2"
				{matrix34
					1 	 0 	 0.0073
					-0.0073 	 0 	 1
					0 	 -1 	 0
					51.2602 	 10.0353 	 8.7547
				}
			}
			{bone "detail14"
				{parameters "id=body;"}
				{matrix34
					-0.1391 	 -0.0262 	 0.9899
					0.0036 	 -0.9997 	 -0.0259
					0.9903 	 0 	 0.1392
					48.2597 	 24.4347 	 12.9744
				}
				{VolumeView "detail14.ply"}
			}
			{bone "detail16"
				{parameters "id=body;"}
				{matrix34
					-0.1347 	 -0.2504 	 0.9587
					0.0348 	 -0.9681 	 -0.2479
					0.9903 	 0 	 0.1392
					48.3063 	 18.7399 	 12.6084
				}
				{VolumeView "detail16.ply"}
			}
			{bone "detail15"
				{parameters "id=body;"}
				{matrix34
					-0.1384 	 -0.1045 	 0.9848
					0.0145 	 -0.9945 	 -0.1035
					0.9903 	 0 	 0.1392
					48.2336 	 8.3511 	 13.1068
				}
				{VolumeView "detail15.ply"}
			}
			{bone "detail13"
				{parameters "id=body;"}
				{matrix34
					-0.2504 	 0 	 0.9681
					-0.9681 	 0 	 -0.2504
					0 	 -1 	 0
					-42.5008 	 -31.6413 	 11.1369
				}
				{VolumeView "detail13.ply"}
			}
			{bone "detail19"
				{parameters "id=body;"}
				{matrix34
					-0.0395 	 -0.9588 	 0.2813
					0.1334 	 -0.284 	 -0.9495
					0.9903 	 0 	 0.1392
					48.7451 	 -24.4092 	 9.1655
				}
				{VolumeView "detail19.ply"}
			}
			{bone "transmission"
				{matrix34
					-1 	 0 	 0
					0 	 0 	 1
					0 	 1 	 0
					54.7289 	 -18.485 	 -6.5774
				}
			}
			{bone "fuel4"
				{matrix34
					-1 	 0 	 0
					0 	 0 	 1
					0 	 1 	 0
					-24.1128 	 6.963 	 -4.315
				}
			}
			{bone "fuel3"
				{matrix34
					-1 	 0 	 0
					0 	 0 	 1
					0 	 1 	 0
					-24.1128 	 -18.8797 	 -4.315
				}
			}
			{bone "fuel2"
				{matrix34
					-1 	 0 	 0
					0 	 0 	 1
					0 	 1 	 0
					-24.1128 	 -22.4104 	 7.1153
				}
			}
			{bone "fuel1"
				{matrix34
					-1 	 0 	 0
					0 	 0 	 1
					0 	 1 	 0
					-24.1128 	 18.9458 	 7.1153
				}
			}
			{bone "ammo3"
				{matrix34
					-1 	 0 	 0
					0 	 0 	 1
					0 	 1 	 0
					5.7098 	 -13.2083 	 -8.7949
				}
			}
			{bone "ammo2"
				{matrix34
					-1 	 0 	 0
					0 	 0 	 1
					0 	 1 	 0
					4.5326 	 17.2863 	 7.4033
				}
			}
			{bone "ammo1"
				{matrix34
					-1 	 0 	 0
					0 	 0 	 1
					0 	 1 	 0
					4.5326 	 -29.5506 	 7.4033
				}
			}
		}
		{bone "emit3"
			{matrix34
				0 	 -1 	 0
				1 	 0 	 0
				0 	 0 	 1
				-31.4451 	 53.5655 	 0
			}
		}
		{bone "emit5"
			{matrix34
				0 	 -1 	 0
				1 	 0 	 0
				0 	 0 	 1
				-55.9753 	 53.5655 	 0
			}
		}
		{bone "emit1"
			{matrix34
				0 	 -1 	 0
				1 	 0 	 0
				0 	 0 	 1
				-5.7103 	 53.6035 	 0
			}
		}
		{bone "emit6"
			{matrix34
				0 	 1 	 0
				-1 	 0 	 0
				0 	 0 	 1
				-31.4451 	 -54.41 	 0
			}
		}
		{bone "emit4"
			{matrix34
				0 	 1 	 0
				-1 	 0 	 0
				0 	 0 	 1
				-55.9753 	 -54.41 	 0
			}
		}
		{bone "emit2"
			{matrix34
				0 	 1 	 0
				-1 	 0 	 0
				0 	 0 	 1
				-5.7103 	 -54.3687 	 0
			}
		}
		{bone "fxtracer2"
			{matrix34
				-0.9816 	 0 	 0.1908
				0 	 -1 	 0
				0.1908 	 0 	 0.9816
				-42.7916 	 -27.7449 	 0.09
			}
		}
		{bone "fxtracer1"
			{matrix34
				-1 	 0 	 0
				0 	 -1 	 0
				0 	 0 	 1
				0.0224 	 -27.7449 	 0.09
			}
		}
		{bone "fxtracel1"
			{matrix34
				-1 	 0 	 0
				0 	 -1 	 0
				0 	 0 	 1
				0.0224 	 27.6722 	 0.09
			}
		}
		{bone "fxtracel2"
			{matrix34
				-0.9816 	 0 	 0.1908
				0 	 -1 	 0
				0.1908 	 0 	 0.9816
				-42.7916 	 27.6722 	 0.09
			}
		}
		{bone "emit0"
			{matrix34
				-1 	 0 	 0
				0 	 -1 	 0
				0 	 0 	 1
				73.9421 	 12.2277 	 0
			}
		}
	}
}
{volume "ammo1"
	{polyhedron "ammo1.vol"}
	{bone "ammo1"}
	{Position 0 	 0 	 0}
}
{volume "ammo2"
	{polyhedron "ammo2.vol"}
	{bone "ammo2"}
	{Position 0 	 0 	 0}
}
{volume "ammo3"
	{box 19.962 8.55515 7.87402}
	{bone "ammo3"}
	{matrix34
		-1 	 0 	 0
		0 	 0 	 1
		0 	 1 	 0
		0 	 3.937 	 0
	}
}
{volume "armor_driver"
	{polyhedron "armor_driver.vol"}
	{bone "body"}
	{Position 49.1924 	 10.1202 	 11.3665}
}
{volume "armor_mg_port"
	{polyhedron "armor_mg_port.vol"}
	{bone "body"}
	{matrix34
		0 	 1 	 0
		-0.1392 	 0 	 0.9903
		0.9903 	 0 	 0.1392
		47.5901 	 -11.2802 	 9.6661
	}
}
{volume "barrel1"
	{cylinder 3.35811 21.8847}
	{bone "gun_rot"}
	{matrix34
		0 	 0 	 -1
		0 	 1 	 0
		1 	 0 	 0
		12.7407 	 0.0964 	 1.2169
	}
}
{volume "barrel2"
	{cylinder 1.86562 56.5205}
	{bone "gun"}
	{matrix34
		0 	 1 	 0
		0 	 0 	 1
		1 	 0 	 0
		-0.1118 	 0 	 0
	}
}
{volume "basket"
	{polyhedron "basket.vol"}
	{bone "turret"}
	{Position 0 	 0 	 0}
}
{volume "body1"
	{polyhedron "body1.vol"}
	{bone "body"}
	{matrix34
		-1 	 0 	 0
		0 	 0 	 1
		0 	 1 	 0
		7.6085 	 -0.3097 	 0.2086
	}
}
{volume "body2"
	{polyhedron "body2.vol"}
	{bone "body"}
	{matrix34
		-1 	 0 	 0
		0 	 0 	 1
		0 	 1 	 0
		7.6085 	 -0.3097 	 0.2086
	}
}
{volume "breech"
	{box 25.0591 7.87402 7.87402}
	{bone "gun_rot"}
	{matrix34
		1 	 0 	 0
		0 	 0 	 -1
		0 	 1 	 0
		-14.9405 	 0.0717 	 1.1861
	}
}
{volume "cupola"
	{polyhedron "cupola.vol"}
	{bone "turret"}
	{Position -8.201 	 10.7327 	 14.7297}
}
{volume "detail12"
	{box 2.75591 14.4578 28.937}
	{bone "detail12"}
	{matrix34
		-0.9336 	 0 	 0.3584
		0.3584 	 0 	 0.9336
		0 	 1 	 0
		-0.4283 	 0.4494 	 0.0648
	}
}
{volume "engine1"
	{polyhedron "engine1.vol"}
	{bone "engine"}
	{matrix34
		-1 	 0 	 0
		0 	 0 	 1
		0 	 1 	 0
		44.3673 	 -0.3097 	 -1.7842
	}
}
{volume "engine2"
	{polyhedron "engine2.vol"}
	{bone "engine"}
	{matrix34
		-1 	 0 	 0
		0 	 0 	 1
		0 	 1 	 0
		44.3673 	 -0.3097 	 -1.7842
	}
}
{volume "fuel1"
	{polyhedron "fuel1.vol"}
	{bone "fuel1"}
}
{volume "fuel2"
	{polyhedron "fuel2.vol"}
	{bone "fuel2"}
	{Position 0 	 0 	 0}
}
{volume "fuel3"
	{polyhedron "fuel3.vol"}
	{bone "fuel3"}
	{Position 0 	 0 	 0}
}
{volume "fuel4"
	{polyhedron "fuel4.vol"}
	{bone "fuel4"}
	{Position 0 	 0 	 0}
}
{volume "hatch"
	{cylinder 5.29218 0.62185}
	{bone "commander_hatch"}
	{matrix34
		0.9999 	 0.0164 	 0
		-0.0164 	 0.9999 	 0
		0 	 0 	 1
		-0.5015 	 5.3799 	 -0.6758
	}
}
{volume "hole1"
	{polyhedron "hole1.vol"}
	{bone "wheelsl"}
	{matrix34
		-1 	 0 	 0
		0 	 0 	 1
		0 	 1 	 0
		1.6199 	 2.9299 	 10.6029
	}
}
{volume "hole2"
	{polyhedron "hole2.vol"}
	{bone "wheelsr"}
	{matrix34
		-1 	 0 	 0
		0 	 0 	 1
		0 	 1 	 0
		1.6199 	 2.8006 	 10.6029
	}
}
{volume "hole3"
	{box 25.8708 6.4619 7.03365}
	{bone "turret"}
	{matrix34
		0 	 1 	 0
		0 	 0 	 1
		1 	 0 	 0
		27.0446 	 1.1567 	 6.4594
	}
}
{volume "hole"
	{cylinder 2.39154 3.50278}
	{bone "body"}
	{matrix34
		0 	 1 	 0
		-0.1305 	 0 	 0.9914
		0.9914 	 0 	 0.1305
		49.8307 	 -11.2802 	 9.9953
	}
}
{volume "mantlet"
	{polyhedron "mantlet.vol"}
	{bone "gun_rot"}
	{matrix34
		1 	 0 	 0
		0 	 0 	 -1
		0 	 1 	 0
		3.1964 	 0.1775 	 0.0303
	}
}
{volume "ram"
	{polyhedron "ram.vol"}
	{bone "body"}
	{Position 8.4262 	 -0.3097 	 -2.2103}
}
{volume "shieldl1"
	{box 15.47 16.5354 1.08268}
	{bone "shieldl1"}
	{matrix34
		0.9826 	 0 	 -0.1857
		0 	 1 	 0
		0.1857 	 0 	 0.9826
		-0.1611 	 -0.111 	 0.0761
	}
}
{volume "shieldl2"
	{box 24.0043 5.90551 0.787402}
	{bone "shieldl2"}
	{matrix34
		0.9985 	 -0.0042 	 0.0547
		0.0337 	 0.8339 	 -0.5509
		-0.0432 	 0.5519 	 0.8328
		-0.0133 	 0.1238 	 -0.3462
	}
}
{volume "shieldl3"
	{box 24.5564 5.90551 0.787402}
	{bone "shieldl3"}
	{matrix34
		0.9985 	 -0.0042 	 0.0547
		0.0337 	 0.8339 	 -0.5509
		-0.0432 	 0.5519 	 0.8328
		0.0508 	 0.0757 	 -0.4153
	}
}
{volume "shieldl4"
	{box 24.5564 5.90551 0.787402}
	{bone "shieldl4"}
	{matrix34
		0.9985 	 -0.0042 	 0.0547
		0.0337 	 0.8339 	 -0.5509
		-0.0432 	 0.5519 	 0.8328
		-0.0346 	 0.1227 	 -0.3973
	}
}
{volume "shieldl5"
	{box 25.0735 5.90551 0.787402}
	{bone "shieldl5"}
	{matrix34
		0.9987 	 -0.0042 	 0.0513
		0.0319 	 0.8339 	 -0.551
		-0.0405 	 0.5519 	 0.8329
		0.0248 	 0.0234 	 -0.4312
	}
}
{volume "shieldl6"
	{box 9.55764 15.1658 1.08268}
	{bone "shieldl6"}
	{matrix34
		0.7071 	 0 	 0.7071
		0 	 1 	 0
		-0.7071 	 0 	 0.7071
		-0.0567 	 0.0486 	 -1.4572
	}
}
{volume "shieldl7"
	{polyhedron "shieldl7.vol"}
	{bone "shieldl7"}
	{matrix34
		0.9907 	 0 	 0.1359
		0 	 1 	 0
		-0.1359 	 0 	 0.9907
		1.9087 	 0.0179 	 -11.1775
	}
}
{volume "shieldr1"
	{box 15.47 16.5354 1.08268}
	{bone "shieldr1"}
	{matrix34
		0.9826 	 0 	 -0.1857
		0 	 1 	 0
		0.1857 	 0 	 0.9826
		-0.1611 	 0.038 	 0.0461
	}
}
{volume "shieldr2"
	{box 24.0043 5.90551 0.787402}
	{bone "shieldr2"}
	{matrix34
		0.9989 	 0.0015 	 0.0466
		0.0283 	 -0.8141 	 -0.58
		0.037 	 0.5807 	 -0.8133
		-0.0133 	 0.0846 	 -0.3541
	}
}
{volume "shieldr3"
	{box 24.5564 5.90551 0.787402}
	{bone "shieldr3"}
	{matrix34
		0.999 	 0.0037 	 0.0436
		0.0283 	 -0.8141 	 -0.58
		0.0334 	 0.5807 	 -0.8134
		0.0508 	 -0.0336 	 -0.3745
	}
}
{volume "shieldr4"
	{box 24.5564 5.90551 0.787402}
	{bone "shieldr4"}
	{matrix34
		0.9988 	 -0.0008 	 0.0498
		0.0283 	 -0.8141 	 -0.58
		0.041 	 0.5807 	 -0.8131
		-0.0346 	 -0.0814 	 -0.4532
	}
}
{volume "shieldr5"
	{box 25.0735 5.90551 0.787402}
	{bone "shieldr5"}
	{matrix34
		0.9989 	 -0.001 	 0.0468
		0.0264 	 -0.8141 	 -0.5801
		0.0387 	 0.5807 	 -0.8132
		0.0204 	 -0.1136 	 -0.3846
	}
}
{volume "shieldr6"
	{box 9.55764 15.1658 1.08268}
	{bone "shieldr6"}
	{matrix34
		0.7071 	 0 	 0.7071
		0 	 1 	 0
		-0.7071 	 0 	 0.7071
		-0.0567 	 0.0261 	 -1.4572
	}
}
{volume "shieldr7"
	{polyhedron "shieldr7.vol"}
	{bone "shieldr7"}
	{matrix34
		0.9907 	 0 	 0.1359
		0 	 1 	 0
		-0.1359 	 0 	 0.9907
		1.9087 	 0.0249 	 -11.1775
	}
}
{volume "trackleft10"
	{cylinder 6.46158 5.26042}
	{bone "wheell10"}
	{matrix34
		-1 	 0 	 0
		0 	 -1 	 0
		0 	 0 	 1
		0 	 0 	 -0.2983
	}
}
{volume "trackleft1"
	{cylinder 9.25354 14.5646}
	{bone "wheell1"}
	{matrix34
		-1 	 0 	 0
		0 	 -1 	 0
		0 	 0 	 1
		0 	 0 	 1.9419
	}
}
{volume "trackleft2"
	{cylinder 8.14565 10.9174}
	{bone "wheell2"}
	{matrix34
		-1 	 0 	 0
		0 	 -1 	 0
		0 	 0 	 1
		0 	 0 	 0.4751
	}
}
{volume "trackleft3"
	{cylinder 8.14565 10.9174}
	{bone "wheell3"}
	{matrix34
		-1 	 0 	 0
		0 	 -1 	 0
		0 	 0 	 1
		0 	 0 	 0.4512
	}
}
{volume "trackleft4"
	{cylinder 8.14565 10.9174}
	{bone "wheell4"}
	{matrix34
		-1 	 0 	 0
		0 	 -1 	 0
		0 	 0 	 1
		0 	 0 	 0.4751
	}
}
{volume "trackleft5"
	{cylinder 8.14565 10.9174}
	{bone "wheell5"}
	{matrix34
		-1 	 0 	 0
		0 	 -1 	 0
		0 	 0 	 1
		0 	 0 	 0.4512
	}
}
{volume "trackleft6"
	{cylinder 8.14565 10.9174}
	{bone "wheell6"}
	{matrix34
		-1 	 0 	 0
		0 	 -1 	 0
		0 	 0 	 1
		0 	 0 	 0.4751
	}
}
{volume "trackleft7"
	{cylinder 8.14565 10.9174}
	{bone "wheell7"}
	{matrix34
		-1 	 0 	 0
		0 	 -1 	 0
		0 	 0 	 1
		0 	 0 	 0.4512
	}
}
{volume "trackleft8"
	{cylinder 8.14565 10.9174}
	{bone "wheell8"}
	{matrix34
		-1 	 0 	 0
		0 	 -1 	 0
		0 	 0 	 1
		0 	 0 	 0.4751
	}
}
{volume "trackleft9"
	{cylinder 8.14565 10.9174}
	{bone "wheell9"}
	{matrix34
		-1 	 0 	 0
		0 	 -1 	 0
		0 	 0 	 1
		0 	 0 	 0.4512
	}
}
{volume "trackleft"
	{polyhedron "trackleft.vol"}
	{bone "wheelsl"}
	{matrix34
		-1 	 0 	 0
		0 	 0 	 1
		0 	 1 	 0
		1.6199 	 2.9299 	 10.6029
	}
}
{volume "trackright10"
	{cylinder 6.46158 5.26042}
	{bone "wheelr10"}
	{matrix34
		-1 	 0 	 0
		0 	 -1 	 0
		0 	 0 	 1
		0 	 0 	 0.3263
	}
}
{volume "trackright1"
	{cylinder 9.25363 14.5645}
	{bone "wheelr1"}
	{matrix34
		-1 	 0 	 0
		0 	 -1 	 0
		0 	 0 	 1
		0 	 0 	 -1.9932
	}
}
{volume "trackright2"
	{cylinder 8.14565 10.9174}
	{bone "wheelr2"}
	{matrix34
		-1 	 0 	 0
		0 	 -1 	 0
		0 	 0 	 1
		0 	 0 	 -0.6228
	}
}
{volume "trackright3"
	{cylinder 8.14565 10.9174}
	{bone "wheelr3"}
	{matrix34
		-1 	 0 	 0
		0 	 -1 	 0
		0 	 0 	 1
		0 	 0 	 -0.556
	}
}
{volume "trackright4"
	{cylinder 8.14565 10.9174}
	{bone "wheelr4"}
	{matrix34
		-1 	 0 	 0
		0 	 -1 	 0
		0 	 0 	 1
		0 	 0 	 -0.6228
	}
}
{volume "trackright5"
	{cylinder 8.14565 10.9174}
	{bone "wheelr5"}
	{matrix34
		-1 	 0 	 0
		0 	 -1 	 0
		0 	 0 	 1
		0 	 0 	 -0.556
	}
}
{volume "trackright6"
	{cylinder 8.14565 10.9174}
	{bone "wheelr6"}
	{matrix34
		-1 	 0 	 0
		0 	 -1 	 0
		0 	 0 	 1
		0 	 0 	 -0.6228
	}
}
{volume "trackright7"
	{cylinder 8.14565 10.9174}
	{bone "wheelr7"}
	{matrix34
		-1 	 0 	 0
		0 	 -1 	 0
		0 	 0 	 1
		0 	 0 	 -0.556
	}
}
{volume "trackright8"
	{cylinder 8.14565 10.9174}
	{bone "wheelr8"}
	{matrix34
		-1 	 0 	 0
		0 	 -1 	 0
		0 	 0 	 1
		0 	 0 	 -0.6228
	}
}
{volume "trackright9"
	{cylinder 8.14565 10.9174}
	{bone "wheelr9"}
	{matrix34
		-1 	 0 	 0
		0 	 -1 	 0
		0 	 0 	 1
		0 	 0 	 -0.556
	}
}
{volume "trackright"
	{polyhedron "trackright.vol"}
	{bone "wheelsr"}
	{matrix34
		-1 	 0 	 0
		0 	 0 	 1
		0 	 1 	 0
		1.6199 	 2.8006 	 10.6029
	}
}
{volume "transmission"
	{cylinder 4.58526 36.4176}
	{bone "transmission"}
	{matrix34
		0.9763 	 -0.2164 	 0
		0.2164 	 0.9763 	 0
		0 	 0 	 1
		0 	 0 	 18.2088
	}
}
{volume "turret1"
	{polyhedron "turret1.vol"}
	{bone "turret"}
	{Position 0 	 -0.0367 	 0}
}
{volume "turret2"
	{cylinder 23.4413 2.0432}
	{bone "turret"}
	{Position 0 	 -0.0367 	 -0.2846}
}
