;Exported by:	 guita
;Date:			 26.04.2020 22:26:10
;File:			 D:\Git\3D_Scenes\GoH_3D_vehicles_ger\vehicles\cannon\50mm_pak38\50mm_pak38.max
{skeleton
	{animation
		{sequence "recoil" {speed 0.9}}
		{sequence "close" {speed 0.4}}
		{sequence "shell_eject" {speed 0.6}}
		{sequence "aim_v" {speed 0.9}{resume}}
		{sequence "aim_h" {speed 0.9}{resume}}
	}
	{bone revolute "basis"
		{parameters "wheelradius=0.42;"}
		{orientation
			1 	 0 	 0
			0 	 -1 	 0
			0 	 0 	 1
		}
		{bone "body"
			{parameters "id=body;"}
			{animation
				{sequence "repair" {file "body_r.anm"}{speed 0.5}}
			}
			{Position 0.013 	 0.0356 	 8.3028}
			{VolumeView "body.ply"}
			{bone "shield_lower"
				{parameters "id=shield_lower;"}
				{matrix34
					0.9686 	 0 	 0.2486
					0 	 1 	 0
					-0.2486 	 0 	 0.9686
					4.1215 	 -0.0178 	 -0.6171
				}
				{VolumeView "shield_lower.ply"}
				{bone "shield_lower2"
					{parameters "id=shield_lower;"}
					{matrix34
						0.9818 	 0 	 -0.1897
						0 	 1 	 0
						0.1897 	 0 	 0.9818
						1.3041 	 -0.0177 	 -0.2216
					}
					{VolumeView "shield_lower2.ply"}
				}
			}
			{bone revolute "turret"
				{parameters "id=body;"}
				{Position -6.8419 	 -0.1931 	 1.7864}
				{VolumeView "turret.ply"}
				{bone "shield"
					{parameters "id=shield;"}
					{Position 4.5945 	 0.1907 	 0.4029}
					{VolumeView "shield.ply"}
				}
				{bone revolute "gun_rot"
					{parameters "id=gun;"}
					{animation
						{sequence "repair" {file "gun_r.anm"}{speed 0.5}}
					}
					{matrix34
						1 	 0 	 0
						0 	 0 	 1
						0 	 -1 	 0
						-3.0923 	 1.6012 	 6.3273
					}
					{VolumeView "gun_rot.ply"}
					{bone "gun"
						{parameters "id=gun;"}
						{matrix34
							1 	 0 	 0
							0 	 0 	 -1
							0 	 1 	 0
							22.3622 	 2.0797 	 1.0648
						}
						{VolumeView "gun.ply"}
						{bone "visor2"
							{Position -34.0846 	 -8.3605 	 -1.2655}
						}
						{bone "foresight1"
							{Position 30.0165 	 -0.3797 	 0.2425}
						}
						{bone "fx_invers"
							{matrix34
								-1 	 0 	 0
								0 	 0 	 1
								0 	 1 	 0
								-26.7194 	 -0.3797 	 0.2425
							}
						}
						{bone "visor"
							{Position -12.8301 	 6.2998 	 0.0309}
						}
						{bone "breech"
							{parameters "id=gun;"}
							{Position -28.8006 	 -1.2198 	 0.2454}
							{VolumeView "breech.ply"}
						}
						{bone "lever"
							{parameters "id=gun;"}
							{Position -28.5827 	 -0.812 	 3.0786}
							{VolumeView "lever.ply"}
						}
					}
				}
				{bone "aim_wheel2"
					{parameters "id=body;"}
					{matrix34
						0.4846 	 0.8747 	 0
						-0.8747 	 0.4846 	 0
						0 	 0 	 1
						-4.699 	 9.2139 	 2.4801
					}
					{VolumeView "aim_wheel2.ply"}
				}
				{bone "aim_wheel1"
					{parameters "id=body;"}
					{Position 0.2417 	 9.9808 	 3.6372}
					{VolumeView "aim_wheel1.ply"}
				}
			}
			{bone "pivot_front"
				{Position -0.9145 	 -0.0756 	 -4.8941}
				{bone "fxtracer1"
					{matrix34
						-1 	 0 	 0
						0 	 -1 	 0
						0 	 0 	 1
						0.9015 	 17.83 	 -3.174
					}
				}
				{bone "fxtracel1"
					{matrix34
						-1 	 0 	 0
						0 	 -1 	 0
						0 	 0 	 1
						0.9015 	 -17.6633 	 -3.174
					}
				}
				{bone prizmatic "suspension_l1"
					{limits -0.05 0.05}
					{speed 0.075}
					{matrix34
						-1 	 0 	 0
						0 	 -1 	 0
						0 	 0 	 1
						0.899 	 15.739 	 4.7936
					}
					{bone revolute "wheell"
						{parameters "id=wheelleft;"}
						{matrix34
							0.7071 	 0 	 0.7071
							-0.7071 	 0 	 0.7071
							0 	 -1 	 0
							-0.0026 	 -2.1873 	 0.0912
						}
						{VolumeView "wheell.ply"}
					}
				}
				{bone prizmatic "suspension_r1"
					{limits -0.05 0.05}
					{speed 0.075}
					{matrix34
						-1 	 0 	 0
						0 	 -1 	 0
						0 	 0 	 1
						0.899 	 -15.5662 	 4.7936
					}
					{bone revolute "wheelr"
						{parameters "id=wheelright;"}
						{matrix34
							0.7071 	 0 	 0.7071
							-0.7071 	 0 	 0.7071
							0 	 -1 	 0
							-0.0008 	 -0.0012 	 0.0828
						}
						{VolumeView "wheelr.ply"}
					}
				}
			}
			{bone "seat1"
				{matrix34
					-0.159 	 0.9868 	 -0.0309
					-0.9687 	 -0.162 	 -0.1883
					-0.1908 	 0 	 0.9816
					-17.0786 	 7.2865 	 -9.4496
				}
			}
			{bone "seat2"
				{matrix34
					-0.0539 	 -0.9985 	 -0.0105
					0.9801 	 -0.0549 	 0.1905
					-0.1908 	 0 	 0.9816
					-21.9429 	 -5.8896 	 -10.1052
				}
			}
			{bone "standr"
				{parameters "id=body;"}
				{Position -8.6926 	 -8.1189 	 0.5692}
				{VolumeView "standr.ply"}
			}
			{bone "standl"
				{parameters "id=body;"}
				{Position -8.7003 	 8.0174 	 0.5978}
				{VolumeView "standl.ply"}
			}
			{bone "seat4"
				{matrix34
					-0.159 	 0.9868 	 -0.0309
					-0.9687 	 -0.162 	 -0.1883
					-0.1908 	 0 	 0.9816
					-34.6993 	 6.309 	 -11.8539
				}
			}
			{bone "seat3"
				{matrix34
					-0.0539 	 -0.9985 	 -0.0105
					0.9801 	 -0.0549 	 0.1905
					-0.1908 	 0 	 0.9816
					-39.9734 	 -4.8369 	 -12.5655
				}
			}
		}
		{bone "charger"
			{matrix34
				0.9956 	 0.0941 	 0
				-0.0941 	 0.9956 	 0
				0 	 0 	 1
				-26.6861 	 -10.0396 	 -0.2998
			}
		}
		{bone "gunner"
			{matrix34
				0.997 	 -0.0776 	 0
				0.0776 	 0.997 	 0
				0 	 0 	 1
				-24.6002 	 8.7359 	 -0.2104
			}
		}
		{bone "driver2"
			{Position -16.5934 	 -12.3394 	 0}
		}
		{bone "driver1"
			{parameters "group=commander;"}
			{Position -16.867 	 14.6455 	 0}
		}
		{bone "emit1"
			{matrix34
				0.9744 	 -0.225 	 0
				0.225 	 0.9744 	 0
				0 	 0 	 1
				-31.094 	 10.4719 	 0
			}
		}
		{bone "emit2"
			{matrix34
				0.9703 	 0.2419 	 0
				-0.2419 	 0.9703 	 0
				0 	 0 	 1
				-31.5037 	 -7.9813 	 0
			}
		}
		{bone "link1"
			{Position -56.9401 	 0 	 11.2008}
		}
		{bone "emit3"
			{Position -50.166 	 -10.781 	 0}
		}
		{bone "emit4"
			{Position -51.5181 	 16.2941 	 0}
		}
		{bone "commander"
			{Position -47.7403 	 15.098 	 0}
		}
		{bone "charger2"
			{Position -47.8577 	 -10.7729 	 0}
		}
		{bone "driver4"
			{parameters "group=commander;"}
			{Position -45.968 	 11.1113 	 0}
		}
		{bone "driver3"
			{parameters "group=commander;"}
			{Position -46.1184 	 -11.3725 	 0}
		}
	}
}
{obstacle "obstacle"
	{obb2
		{center 0.00952673 -0.0463657}
		{extent 8.47385 18.9286}
		{axis 1 0}
	}
	{rotate}
}
{obstacle "close"
	{obb2
		{center -31.1881 0.152348}
		{extent 22.7143 3.90134}
		{axis 1 0}
	}
	{rotate}
	{Tags "close"}
}
{obstacle "openl"
	{obb2
		{center -25.5109 -16.5999}
		{extent 24.7089 1.80324}
		{axis 0.891115 0.453778}
	}
	{rotate}
	{Tags "open"}
}
{obstacle "openr"
	{obb2
		{center -25.9321 16.6468}
		{extent 1.81111 24.7095}
		{axis 0.454487 0.890753}
	}
	{rotate}
	{Tags "open"}
}
{volume "barrel1"
	{box 31.6393 3.46332 2.53931}
	{bone "gun_rot"}
	{matrix34
		1 	 0 	 0
		0 	 0 	 -1
		0 	 1 	 0
		5.4655 	 -0.8262 	 1.3796
	}
}
{volume "barrel2"
	{cylinder 1.43874 52.6244}
	{bone "gun"}
	{matrix34
		0 	 1 	 0
		0 	 0 	 1
		1 	 0 	 0
		3.1595 	 -0.3797 	 0.2449
	}
}
{volume "barrel3"
	{box 6.59104 4.0156 3.97711}
	{bone "gun"}
	{Position -26.4482 	 -0.2956 	 0.3995}
}
{volume "body1"
	{box 7.34025 29.361 3.0802}
	{bone "body"}
	{Position -5.3197 	 -0.0356 	 0.4152}
}
{volume "body2"
	{box 9.55939 7.11496 4.45638}
	{bone "turret"}
	{Position 0.1952 	 0.2893 	 1.9513}
}
{volume "hole1"
	{box 3.728 1.9349 11.4425}
	{bone "shield"}
	{matrix34
		0 	 1 	 0
		-0.809 	 0 	 -0.5878
		-0.5878 	 0 	 0.809
		2.9905 	 0.0187 	 5.4611
	}
}
{volume "hole2"
	{box 2.16745 2.0336 2.0649}
	{bone "shield"}
	{matrix34
		0 	 1 	 0
		-0.809 	 0 	 -0.5878
		-0.5878 	 0 	 0.809
		0.7299 	 6.6306 	 7.9033
	}
}
{volume "select"
	{box 32.2207 37.8758 18.2743}
	{bone "basis"}
	{Position -4.5245 	 0.0557 	 9.1372}
}
{volume "shield1"
	{polyhedron "shield1.vol"}
	{bone "shield"}
	{Position -1.2869 	 -0.1661 	 7.3263}
}
{volume "shield2"
	{polyhedron "shield2.vol"}
	{bone "shield"}
	{Position -1.2869 	 -0.1661 	 7.3263}
}
{volume "shield3"
	{polyhedron "shield3.vol"}
	{bone "shield"}
	{Position -1.2869 	 -0.1661 	 7.3263}
}
{volume "shield_lower1"
	{box 0.407587 27.2176 7.18551}
	{bone "shield_lower"}
	{matrix34
		0.9397 	 0 	 0.3421
		0 	 1 	 0
		-0.3421 	 0 	 0.9397
		0.0268 	 0 	 3.133
	}
}
{volume "shield_lower2"
	{box 0.407587 27.2176 6.53881}
	{bone "shield_lower2"}
	{matrix34
		-0.9982 	 0 	 0.0604
		0 	 1 	 0
		-0.0604 	 0 	 -0.9982
		-0.2427 	 0.0177 	 -3.3474
	}
}
{volume "standl"
	{box 44.4478 2.41058 2.54451}
	{bone "standl"}
	{matrix34
		0.8853 	 -0.4511 	 0.1132
		0.454 	 0.891 	 0
		-0.1009 	 0.0514 	 0.9936
		-20.6055 	 10.2236 	 -2.4542
	}
}
{volume "standr"
	{box 44.4478 2.41058 2.54451}
	{bone "standr"}
	{matrix34
		0.8853 	 0.4511 	 0.1132
		-0.454 	 0.891 	 0
		-0.1009 	 -0.0514 	 0.9936
		-20.6132 	 -10.2074 	 -2.4256
	}
}
{volume "wheelleft"
	{cylinder 8.43569 2.41772}
	{bone "wheell"}
	{matrix34
		-0.7071 	 0.7071 	 0
		-0.7071 	 -0.7071 	 0
		0 	 0 	 1
		0.0019 	 -0.0017 	 -0.1015
	}
}
{volume "wheelright"
	{cylinder 8.43569 2.41772}
	{bone "wheelr"}
	{matrix34
		-0.7071 	 0.7071 	 0
		-0.7071 	 -0.7071 	 0
		0 	 0 	 1
		0.0066 	 0.0056 	 -2.0684
	}
}
