;Exported by:	 Carlos
;Date:			 10.02.2022 15:07:59
;File:			 T:\goh_3d_vehicles_fin\3d vehicles\Cannon\45mm_PstK32\45mm_m37_xx.max
{skeleton
	{bone revolute "basis"
		{orientation
			1 	 0 	 0
			0 	 -1 	 0
			0 	 0 	 1
		}
		{bone "body"
			{parameters "id=body;"}
			{matrix34
				0.9945 	 0 	 0.1045
				0 	 1 	 0
				-0.1045 	 0 	 0.9945
				-0.0337 	 -0.1185 	 7.5448
			}
			{VolumeView "body.ply"}
			{bone "standr"
				{parameters "id=body;"}
				{matrix34
					0.9848 	 0 	 0.1736
					0 	 1 	 0
					-0.1736 	 0 	 0.9848
					-1.1842 	 -7.3955 	 -0.2419
				}
				{VolumeView "standr.ply"}
			}
			{bone revolute "turret"
				{parameters "id=body;"}
				{matrix34
					0.9406 	 0.0031 	 -0.3395
					-0.071 	 0.9797 	 -0.1877
					0.3321 	 0.2006 	 0.9217
					-0.7827 	 0.1537 	 2.1162
				}
				{VolumeView "turret.ply"}
				{bone revolute "gun_rot"
					{parameters "id=gun;"}
					{matrix34
						0.9929 	 0.1156 	 0.0288
						0.0258 	 -0.4452 	 0.8951
						0.1163 	 -0.888 	 -0.445
						-0.0163 	 -0.0041 	 1.5212
					}
					{VolumeView "gun_rot.ply"}
					{bone "gun"
						{parameters "id=gun;"}
						{matrix34
							0.9976 	 0.068 	 -0.0157
							0.0085 	 -0.3417 	 -0.9398
							-0.0692 	 0.9373 	 -0.3415
							-4.7063 	 0 	 0
						}
						{VolumeView "gun.ply"}
					}
				}
				{bone "shield"
					{parameters "id=shield;"}
					{matrix34
						1 	 0.0027 	 0.0034
						-0.0033 	 0.9835 	 0.181
						-0.0028 	 -0.181 	 0.9835
						-7.0915 	 0.0861 	 2.2751
					}
					{VolumeView "shield.ply"}
				}
			}
		}
		{bone "part3"
			{parameters "id=body;"}
			{matrix34
				0.9945 	 0 	 0.1045
				0 	 1 	 0
				-0.1045 	 0 	 0.9945
				-1.3224 	 7.3934 	 7.2152
			}
			{VolumeView "part3.ply"}
		}
		{bone "part1"
			{parameters "id=shield_lower;"}
			{matrix34
				0.9945 	 0 	 0.1045
				0 	 1 	 0
				-0.1045 	 0 	 0.9945
				1.5144 	 -0.1246 	 6.1214
			}
			{VolumeView "part1.ply"}
		}
		{bone revolute "part2"
			{parameters "id=wheelright;"}
			{matrix34
				1 	 0 	 0
				0 	 0 	 -1
				0 	 1 	 0
				0.0451 	 -15.1067 	 7.754
			}
			{VolumeView "part2.ply"}
		}
		{bone revolute "part4"
			{parameters "id=wheelright;"}
			{matrix34
				-0.9998 	 0.0175 	 0
				0 	 0 	 -1
				-0.0175 	 -0.9998 	 0
				0.1668 	 15.0922 	 7.754
			}
			{VolumeView "part4.ply"}
		}
	}
}
{obstacle "obstacle"
	{obb2
		{center 0.0286493 0.111255}
		{extent 7.89206 16.1101}
		{axis 1 0}
	}
	{rotate}
}
{volume "barrel1"
	{box 2.1288 1.90164 19.6128}
	{bone "gun_rot"}
	{matrix34
		0 	 0 	 -1
		0 	 1 	 0
		1 	 0 	 0
		4.5879 	 0.1311 	 0.033
	}
}
{volume "barrel2"
	{cylinder 1.56538 42.248}
	{bone "gun"}
	{matrix34
		0 	 0 	 1
		0 	 1 	 0
		-1 	 0 	 0
		6.3271 	 0.0253 	 2.4635
	}
}
{volume "body"
	{box 22.3304 3.74661 5.14999}
	{bone "body"}
	{matrix34
		0 	 -1 	 0
		0.1045 	 0 	 0.9945
		-0.9945 	 0 	 0.1045
		-1.2161 	 -0.1911 	 0.4863
	}
}
{volume "hole1"
	{box 2.15524 0.721393 7.45757}
	{bone "shield"}
	{matrix34
		0.0087 	 1 	 -0.0009
		-0.766 	 0.0061 	 -0.6428
		-0.6428 	 0.0063 	 0.766
		8.2774 	 -0.0234 	 1.3832
	}
}
{volume "hole2"
	{box 1.8248 0.721393 2.61015}
	{bone "shield"}
	{matrix34
		-0.0087 	 1 	 0.0009
		-0.766 	 -0.0061 	 -0.6428
		-0.6428 	 -0.0063 	 0.766
		2.9786 	 5.2398 	 7.955
	}
}
{volume "hole3"
	{box 8.03994 0.721393 1.51389}
	{bone "shield"}
	{matrix34
		0.0174 	 0.9998 	 -0.0018
		-0.7659 	 0.0121 	 -0.6428
		-0.6427 	 0.0126 	 0.766
		-0.3967 	 -2.9141 	 11.904
	}
}
{volume "part1"
	{box 0.760529 22.6139 3.85969}
	{bone "part1"}
	{matrix34
		0.9925 	 0.121 	 0.0182
		-0.1212 	 0.9925 	 0.0127
		-0.0165 	 -0.0149 	 0.9998
		0.9357 	 0.0457 	 -1.8566
	}
}
{volume "part2"
	{cylinder 7.98594 2.84467}
	{bone "part2"}
	{matrix34
		1 	 0 	 0
		0 	 -0.9945 	 -0.1045
		0 	 0.1045 	 -0.9945
		-0.0787 	 0.145 	 -1.5236
	}
}
{volume "part3"
	{cylinder 0.837552 42.6123}
	{bone "part3"}
	{matrix34
		-0.2891 	 -0.9553 	 0.0621
		0.001 	 0.0646 	 0.9979
		-0.9573 	 0.2886 	 -0.0177
		-21.1419 	 6.3472 	 -0.1707
	}
}
{volume "part4"
	{cylinder 7.98594 2.84467}
	{bone "part4"}
	{matrix34
		-0.9386 	 0.3432 	 0.0364
		-0.3435 	 -0.919 	 -0.1933
		-0.0329 	 -0.1939 	 0.9805
		-0.4451 	 -0.6286 	 -1.4184
	}
}
{volume "shield1"
	{box 0.177165 14.0643 19.9036}
	{bone "shield"}
	{matrix34
		0.7659 	 -0.0121 	 0.6428
		0.0174 	 0.9998 	 -0.0018
		-0.6427 	 0.0126 	 0.766
		5.6202 	 0.0285 	 4.6141
	}
}
{volume "shield2"
	{polyhedron "shield2.vol"}
	{bone "shield"}
	{matrix34
		-0.5314 	 0.7611 	 -0.3719
		-0.6526 	 -0.6478 	 -0.3932
		-0.5402 	 0.0338 	 0.8409
		7.9972 	 -8.5323 	 -1.0683
	}
}
{volume "shield3"
	{polyhedron "shield3.vol"}
	{bone "shield"}
	{matrix34
		0.5939 	 0.6419 	 0.485
		-0.5238 	 0.7661 	 -0.3725
		-0.6107 	 -0.0328 	 0.7912
		7.9994 	 9.3058 	 -1.5402
	}
}
{volume "standr"
	{cylinder 1.32333 32.3854}
	{bone "standr"}
	{matrix34
		0.254 	 -0.9597 	 0.1199
		0.078 	 0.1439 	 0.9865
		-0.9641 	 -0.2412 	 0.1114
		-16.8347 	 -4.2273 	 0.8542
	}
}
