;Exported by:	 TigerF
;Date:			 31.10.2023 11:57:30
;File:			 D:\GOH\3dsmax9_saves\scenes\GoH_3D_vehicles_usa\vehicles\cannon\mg_tripods\m2_30cal_tripod_x.max
{skeleton
	{bone revolute "basis"
		{parameters "basis;"}
		{speed 0.001}
		{orientation
			1 	 0 	 0
			0 	 -1 	 0
			0 	 0 	 1
		}
		{bone "body"
			{parameters "id=body;"}
			{animation
				{sequence "break" {file "body_b.anm"}{speed 1}}
			}
			{Position 0.6021 	 -0.0023 	 5.8506}
			{VolumeView "body.ply"}
			{bone revolute "turret"
				{parameters "id=body;"}
				{limits -10 10}
				{speed 0.008}
				{Position 0 	 0 	 0.4717}
				{VolumeView "turret.ply"}
				{bone revolute "gun_rot"
					{parameters "id=body;"}
					{limits -15 15}
					{speed 0.003}
					{matrix34
						1 	 0 	 0
						0 	 0 	 1
						0 	 -1 	 0
						-0.062 	 0 	 0.5475
					}
					{VolumeView "gun_rot.ply"}
					{bone "mgun"
						{Position -10.9965 	 -0.078 	 -0.0001}
					}
				}
			}
			{bone "support1"
				{parameters "id=body;"}
				{Position 1.7837 	 0 	 -0.8523}
				{VolumeView "support1.ply"}
			}
			{bone "support2"
				{parameters "id=body;"}
				{matrix34
					0.9392 	 0 	 0.3433
					0 	 1 	 0
					-0.3433 	 0 	 0.9392
					-1.4664 	 0.7439 	 -0.262
				}
				{VolumeView "support2.ply"}
				{bone "fixer"
					{parameters "id=body;"}
					{matrix34
						0.9988 	 0 	 0.0483
						0 	 1 	 0
						-0.0483 	 0 	 0.9988
						-6.1984 	 1.8185 	 -0.2273
					}
					{VolumeView "fixer.ply"}
				}
			}
			{bone "support3"
				{parameters "id=body;"}
				{matrix34
					0.9392 	 0 	 0.3433
					0 	 1 	 0
					-0.3433 	 0 	 0.9392
					-1.4664 	 -0.7439 	 -0.262
				}
				{VolumeView "support3.ply"}
			}
		}
	}
}
