;Exported by:	 TigerF
;Date:			 13.11.2022 16:00:42
;File:			 D:\GOH\3dsmax9_saves\scenes\goh_3d_vehicles_ger2\vehicles\cannon\flak38\20mm_flak38_xx.max
{skeleton
	{bone "basis"
		{parameters "wheelradius=0.32;"}
		{orientation
			1 	 0 	 0
			0 	 -1 	 0
			0 	 0 	 1
		}
		{bone "body"
			{parameters "id=body;"}
			{matrix34
				1 	 0 	 0.0006
				0 	 1 	 0
				-0.0006 	 0 	 1
				13.409 	 0.001 	 2.8867
			}
			{VolumeView "body.ply"}
			{bone revolute "turret"
				{parameters "id=body;"}
				{speed 0.007}
				{matrix34
					0.9996 	 0.0171 	 0.0231
					-0.0175 	 0.9997 	 0.0165
					-0.0228 	 -0.0169 	 0.9996
					-9.1034 	 -0.2993 	 -0.0909
				}
				{VolumeView "turret.ply"}
				{bone "part2"
					{parameters "id=part2;"}
					{matrix34
						0.9454 	 -0.3256 	 -0.0165
						0.3255 	 0.9455 	 -0.0057
						0.0175 	 0 	 0.9998
						13.2432 	 -4.2542 	 9.4631
					}
					{VolumeView "part2.ply"}
				}
				{bone "part3"
					{parameters "id=part3;"}
					{matrix34
						0.9454 	 -0.3256 	 -0.0165
						0.3255 	 0.9455 	 -0.0057
						0.0175 	 0 	 0.9998
						13.2432 	 -4.2542 	 9.4631
					}
					{VolumeView "part3.ply"}
				}
				{bone "part1"
					{parameters "id=part1;"}
					{matrix34
						0.8174 	 -0.3339 	 0.4694
						0.2949 	 0.9426 	 0.1568
						-0.4948 	 0.0103 	 0.869
						8.6412 	 -3.2552 	 11.6106
					}
					{VolumeView "part1.ply"}
				}
			}
		}
		{bone "trailer_body"
			{parameters "id=body;"}
			{matrix34
				0.9135 	 0 	 0.4067
				0 	 1 	 0
				-0.4067 	 0 	 0.9135
				-36.3898 	 0.0024 	 8.635
			}
			{VolumeView "trailer_body.ply"}
		}
		{bone "pivot_front"
			{Position -36.3898 	 0 	 8.635}
			{bone prizmatic "suspension_r1"
				{limits -0.04 0.04}
				{speed 0.1}
				{Position 0 	 -16.611 	 0}
				{bone revolute "wheelr"
					{parameters "id=wheelleft;"}
					{orientation
						-0.7155 	 0 	 0.6987
						0.6987 	 0 	 0.7155
						0 	 1 	 0
					}
					{VolumeView "wheelr.ply"}
				}
			}
			{bone prizmatic "suspension_l1"
				{limits -0.04 0.04}
				{speed 0.1}
				{Position 0 	 16.8339 	 0}
				{bone revolute "wheell"
					{parameters "id=wheelright;"}
					{matrix34
						-0.6987 	 0 	 0.7155
						0.7155 	 0 	 0.6987
						0 	 1 	 0
						0 	 0 	 0
					}
					{VolumeView "wheell.ply"}
				}
			}
			{bone "suspr"
				{parameters "id=body;"}
				{matrix34
					0.9135 	 0 	 0.4067
					0 	 1 	 0
					-0.4067 	 0 	 0.9135
					-0.019 	 -13.9206 	 0.0079
				}
				{VolumeView "suspr.ply"}
			}
			{bone "suspl"
				{parameters "id=body;"}
				{matrix34
					0.9135 	 0 	 0.4067
					0 	 1 	 0
					-0.4067 	 0 	 0.9135
					-0.019 	 13.8806 	 0.0079
				}
				{VolumeView "suspl.ply"}
			}
		}
	}
}
{obstacle "close"
	{obb2
		{center 0.658615 0.0140734}
		{extent 19.4487 19.1011}
		{axis -1 0}
	}
	{Tags "close"}
}
{obstacle "open"
	{polygon2
		{radius 0}
		{vertex 19.5984 -18.8115}
		{vertex 19.5984 18.4063}
		{vertex -20.3389 1.58338}
		{vertex -20.3389 -1.58269}
	}
	{Tags "open"}
}
{volume "barrel1"
	{box 2.50956 1.78698 16.3836}
	{bone "turret"}
	{matrix34
		0.3254 	 0.9456 	 -0.0057
		-0.442 	 0.1574 	 0.8831
		0.8359 	 -0.2849 	 0.4692
		7.4284 	 -2.1889 	 8.2178
	}
}
{volume "barrel2"
	{box 1.11102 2.67503 14.437}
	{bone "part1"}
	{matrix34
		0 	 1 	 0
		0.0006 	 0 	 1
		1 	 0 	 -0.0006
		-5.2387 	 0.2635 	 0.3984
	}
}
{volume "barrel3"
	{cylinder 0.968318 6.75228}
	{bone "part1"}
	{matrix34
		0 	 1 	 0
		0 	 0 	 1
		1 	 0 	 0
		5.308 	 0.2525 	 0.0198
	}
}
{volume "barrel4"
	{cylinder 0.475238 21.9685}
	{bone "part1"}
	{matrix34
		0 	 1 	 0
		0.0006 	 0 	 1
		1 	 0 	 -0.0006
		19.6501 	 0.2564 	 -0.014
	}
}
{volume "body1"
	{polyhedron "body1.vol"}
	{bone "body"}
	{Position -15.4986 	 0.0118 	 -1.0224}
}
{volume "body2"
	{polyhedron "body2.vol"}
	{bone "body"}
	{Position -13.4264 	 9.1069 	 -1.0224}
}
{volume "body3"
	{polyhedron "body3.vol"}
	{bone "body"}
	{Position -13.4264 	 -9.0832 	 -1.0224}
}
{volume "body4"
	{cylinder 9.51534 0.579747}
	{bone "turret"}
	{matrix34
		0.9454 	 -0.3256 	 -0.0171
		0.3255 	 0.9455 	 -0.0057
		0.0181 	 -0.0002 	 0.9998
		0.0007 	 0 	 0.0328
	}
}
{volume "body5"
	{polyhedron "body5.vol"}
	{bone "turret"}
	{matrix34
		0.9454 	 -0.3256 	 -0.0165
		0.3255 	 0.9455 	 -0.0057
		0.0175 	 0 	 0.9998
		2.5613 	 -0.5045 	 6.0025
	}
}
{volume "body6"
	{box 31.3493 26.4267 1.85659}
	{bone "trailer_body"}
	{Position -3.0967 	 0.0054 	 2.0537}
}
{volume "hole3"
	{box 7.71497 4.1115 0.515238}
	{bone "part2"}
	{matrix34
		0 	 1 	 0
		-0.5083 	 0 	 0.8612
		0.8612 	 0 	 0.5083
		-2.4525 	 -9.6617 	 6.7844
	}
}
{volume "hole4"
	{box 23.3062 4.45567 7.72794}
	{bone "turret"}
	{matrix34
		0.9454 	 -0.3256 	 -0.0171
		0.3255 	 0.9455 	 -0.0057
		0.0181 	 -0.0002 	 0.9998
		2.1012 	 -0.3637 	 7.4078
	}
}
{volume "part32"
	{box 0.230553 8.20261 10.3292}
	{bone "part3"}
	{matrix34
		-0.9879 	 0 	 0.1549
		0.1549 	 0 	 0.9879
		0 	 1 	 0
		0.9615 	 7.7805 	 -4.3955
	}
}
{volume "part3"
	{box 0.230553 10.1321 10.5323}
	{bone "part3"}
	{matrix34
		-0.8702 	 0 	 -0.4926
		-0.4926 	 0 	 0.8702
		0 	 1 	 0
		-0.8859 	 7.8821 	 3.9895
	}
}
{volume "shield12"
	{box 0.230553 8.20261 10.9712}
	{bone "part2"}
	{matrix34
		-0.9879 	 0 	 0.1549
		0.1549 	 0 	 0.9879
		0 	 1 	 0
		0.9615 	 -7.8813 	 -4.3955
	}
}
{volume "shield13"
	{polyhedron "shield13.vol"}
	{bone "part3"}
	{Position 0.3548 	 2.5991 	 4.0488}
}
{volume "shield14"
	{polyhedron "shield14.vol"}
	{bone "part2"}
	{Position 2.1776 	 2.5991 	 -4.2593}
}
{volume "shield15"
	{polyhedron "shield15.vol"}
	{bone "part2"}
	{Position 0.3548 	 -2.5117 	 4.0488}
}
{volume "shield16"
	{polyhedron "shield16.vol"}
	{bone "part2"}
	{Position 2.1776 	 -2.5117 	 -4.2593}
}
{volume "shield1"
	{box 0.230553 10.1321 10.9712}
	{bone "part2"}
	{matrix34
		-0.8702 	 0 	 -0.4926
		-0.4926 	 0 	 0.8702
		0 	 1 	 0
		-0.8859 	 -7.8813 	 3.9895
	}
}
{volume "wheelleft"
	{cylinder 6.37795 4.23228}
	{bone "wheell"}
	{matrix34
		1 	 0 	 0
		0 	 -1 	 0
		0 	 0 	 -1
		0 	 0 	 -0.174
	}
}
{volume "wheelright"
	{cylinder 6.45669 4.23228}
	{bone "wheelr"}
	{matrix34
		0 	 -1 	 0
		-1 	 0 	 0
		0 	 0 	 -1
		0 	 0 	 -0.019
	}
}
