{mission
	{Entity "ammo_point" 0x802f
		{Position 124.64 -38.91}
		{xform zl 2.44}
		{Extender "map_point"
			{name f1}
			{zone
				{radius 0}
				{zoneId "f1"}
			}
			{phase 0}
			{order 0}
			{show All}
			{visor MapPoint}
			{allow
				{enableCapture}
				{enableRelease}
			}
		}
		{Player 0}
		{MID 48}
		{Able "minimap"}
	}
	{Entity "ammo_point" 0x8011
		{Position 2304.63 261.03}
		{xform zl 140.11}
		{Extender "map_point"
			{name f3}
			{zone
				{radius 0}
				{zoneId "f3"}
			}
			{phase 0}
			{order 0}
			{show All}
			{visor MapPoint}
			{allow
				{enableCapture}
				{enableRelease}
			}
		}
		{Player 0}
		{MID 17}
		{Able "minimap"}
	}
	{Entity "ammo_point" 0x8013
		{Position 2392.93 -1376.09}
		{xform zl -99.67}
		{Extender "map_point"
			{name f2}
			{zone
				{radius 0}
				{zoneId "f2"}
			}
			{phase 0}
			{order 0}
			{show All}
			{visor MapPoint}
			{allow
				{enableCapture}
				{enableRelease}
			}
		}
		{Player 0}
		{MID 18}
		{Able "minimap"}
	}
	{Entity "ammo_point" 0x8003
		{Position 4354.11 581.99}
		{xform zl 107.39}
		{Extender "map_point"
			{name f5}
			{zone
				{radius 0}
				{zoneId "f5"}
			}
			{phase 0}
			{order 0}
			{show All}
			{visor MapPoint}
			{allow
				{enableCapture}
				{enableRelease}
			}
		}
		{Player 0}
		{MID 2}
		{Able "minimap"}
	}
	{Entity "ammo_point" 0x8004
		{Position -3673.14 -208.11}
		{xform zl 151.2}
		{Extender "map_point"
			{name f4}
			{zone
				{radius 0}
				{zoneId "f4"}
			}
			{phase 0}
			{order 0}
			{show All}
			{visor MapPoint}
			{allow
				{enableCapture}
				{enableRelease}
			}
		}
		{Player 0}
		{MID 3}
		{Able "minimap"}
	}
	{Entity "flag_point_base" 0xe002
		{Position 423.68 3515.6}
		{xform zl 173.41}
		{Extender "map_point"
			{name base_flag_a}
			{zone
				{radius 0}
				{zoneId "base_a"}
			}
			{phase 0}
			{order 0}
			{allow
				{enableCapture}
				{enableRelease}
			}
		}
		{Extender "fortification"
			{level
				{steps 0}
				{radius 0}
				{angle "90"}
				{elementAngle "180"}
				{buildTime 60}
				{entity "flagpoint_ammo"}
			}
			{level
				{steps 2}
				{radius 13}
				{angle "0"}
				{buildTime 60}
				{entity "sandbag_heap_curved"}
				{manual
					{0
						0.985 0.168 -0.011
						-0.169 0.983 -0.067
						0 0.068 0.997
						679.919 3559.69 53
					}
					{1
						0.169 0.985 0.001
						-0.985 0.169 -0.007
						-0.007 0 0.999
						467.781 3771.83 41
					}
					{2
						-0.166 0.985 -0.022
						-0.976 -0.168 -0.132
						-0.134 0 0.99
						379.589 3771.83 30.823
					}
					{5
						-0.169 -0.985 -0.002
						0.985 -0.169 0.014
						-0.014 0 0.999
						379.589 3259.36 46
					}
					{6
						0.166 -0.983 0.072
						0.985 0.169 0.03
						-0.042 0.066 0.996
						467.781 3259.36 51.102
					}
				}
			}
			{level
				{steps 6}
				{radius 25}
				{angle "45"}
				{azimuth "8"}
				{elementAngle "5"}
				{buildTime 60}
				{entity "sandbag_structured_straight"}
				{manual
					{15
						0.498 -0.866 -0.038
						0.865 0.499 -0.032
						0.046 -0.017 0.998
						634.994 3062.44 50.037
					}
					{16
						0.618 -0.778 -0.102
						0.785 0.613 0.08
						0 -0.13 0.991
						696.005 3096.26 53.158
					}
					{17
						0.715 -0.68 -0.157
						0.693 0.718 0.046
						0.081 -0.142 0.986
						751.715 3138.24 53.416
					}
					{20
						0.927 -0.345 -0.143
						0.341 0.938 -0.052
						0.152 0 0.988
						876.839 3304.29 47.726
					}
				}
			}
			{level
				{steps 1}
				{radius 8.5}
				{buildTime 120}
				{entity "watch_tower"}
				{manual
					{2
						0.993 -0.114 0
						0.114 0.993 0
						0 0 1
						592.565 3496.11 50.5
					}
					{3
						0.114 0.993 0
						-0.993 0.114 0
						0 0 1
						443.169 3684.48 35.5
					}
				}
			}
			{level
				{steps 5}
				{radius 9}
				{angle "45"}
				{azimuth "14"}
				{buildTime 60}
				{entity "sandbag_framed_straight"}
				{skip "0 4 8 12"}
			}
			{level
				{steps 10}
				{radius 35}
				{azimuth "9"}
				{buildTime 240}
				{entity "hedgehog2"}
				{manual
					{23
						-0.421 0.906 0
						-0.906 -0.421 0
						0 0 1
						1179.31 3742.98 21.23
					}
					{24
						-0.558 0.829 0
						-0.829 -0.558 0
						0 0 1
						1286.98 3792.85 23
					}
					{25
						-0.68 0.732 0
						-0.732 -0.68 0
						0 0 1
						1409.9 3773.34 32.7
					}
					{26
						-0.787 0.616 0
						-0.616 -0.787 0
						0 0 1
						1476.02 3626.73 32.993
					}
					{27
						-0.873 0.486 0
						-0.486 -0.873 0
						0 0 1
						153.197 4243.31 -4.195
					}
					{28
						-0.939 0.343 0
						-0.343 -0.939 0
						0 0 1
						57.487 4293.15 -3.888
					}
					{29
						-0.981 0.192 0
						-0.192 -0.981 0
						0 0 1
						296.4 2702.59 34.795
					}
					{30
						-0.999 0.036 0
						-0.036 -0.999 0
						0 0 0.999
						-175.327 4077.26 -0.726
					}
				}
			}
		}
		{Player 0}
		{MID 4}
	}
	{Entity "flag_point_base" 0xa000
		{Position 1009.74 -3373.91}
		{xform zl -2.16}
		{Extender "map_point"
			{name base_flag_b}
			{zone
				{radius 0}
				{zoneId "base_b"}
			}
			{phase 0}
			{order 0}
			{allow
				{enableCapture}
				{enableRelease}
			}
		}
		{Extender "fortification"
			{level
				{steps 0}
				{radius 0}
				{angle "90"}
				{elementAngle "180"}
				{buildTime 60}
				{entity "flagpoint_ammo"}
			}
			{level
				{steps 2}
				{radius 13}
				{angle "0"}
				{buildTime 60}
				{entity "sandbag_heap_curved"}
				{manual
					{0
						0.986 0.163 0.032
						-0.166 0.966 0.193
						0 -0.196 0.98
						1265.97 -3329.81 195.942
					}
					{3
						-0.971 0.186 -0.145
						-0.168 -0.977 -0.128
						-0.166 -0.1 0.98
						753.511 -3329.81 190.572
					}
					{4
						-0.985 -0.163 -0.041
						0.167 -0.973 -0.154
						-0.014 -0.158 0.987
						753.511 -3418 186.303
					}
					{7
						0.982 -0.165 -0.09
						0.169 0.984 0.036
						0.083 -0.051 0.995
						1265.97 -3418 184.929
					}
				}
			}
			{level
				{steps 6}
				{radius 25}
				{angle "45"}
				{azimuth "8"}
				{elementAngle "5"}
				{buildTime 60}
				{entity "sandbag_structured_straight"}
				{manual
					{0
						0.593 0.791 -0.143
						-0.804 0.584 -0.105
						0 0.178 0.983
						1337.77 -2996.55 199.406
					}
					{1
						0.472 0.873 -0.113
						-0.881 0.468 -0.062
						-0.001 0.129 0.991
						1282.06 -2954.57 194.003
					}
					{2
						0.35 0.919 -0.177
						-0.936 0.34 -0.085
						-0.018 0.196 0.98
						1221.05 -2920.75 187.246
					}
					{5
						-0.713 0.691 -0.108
						-0.694 -0.719 -0.017
						-0.09 0.063 0.993
						681.715 -2996.55 170.1
					}
					{6
						-0.807 0.582 -0.089
						-0.587 -0.808 0.042
						-0.047 0.086 0.995
						632.39 -3045.88 172.103
					}
					{7
						-0.877 0.47 -0.098
						-0.469 -0.882 -0.032
						-0.101 0.017 0.994
						590.409 -3101.59 174.987
					}
					{8
						-0.936 0.327 -0.128
						-0.34 -0.935 0.097
						-0.088 0.135 0.986
						556.591 -3162.6 174.701
					}
					{9
						-0.852 -0.497 -0.157
						0.499 -0.865 0.027
						-0.15 -0.055 0.987
						556.591 -3585.22 158.223
					}
					{10
						-0.782 -0.615 -0.098
						0.615 -0.787 0.034
						-0.098 -0.033 0.994
						590.409 -3646.23 156.995
					}
					{11
						-0.688 -0.709 -0.153
						0.719 -0.694 -0.015
						-0.096 -0.121 0.987
						632.39 -3701.94 155.702
					}
				}
			}
			{level
				{steps 1}
				{radius 8.5}
				{buildTime 120}
				{entity "watch_tower"}
				{manual
					{0
						0.999 -0.037 0
						0.037 0.999 0
						0 0 1
						1179.62 -3380.33 186
					}
					{3
						-0.037 -0.999 0
						0.999 -0.037 0
						0 0 0.999
						1003.32 -3543.79 173
					}
				}
			}
			{level
				{steps 5}
				{radius 9}
				{angle "45"}
				{azimuth "14"}
				{buildTime 60}
				{entity "sandbag_framed_straight"}
				{skip "0 4 8 12"}
			}
			{level
				{steps 10}
				{radius 35}
				{azimuth "9"}
				{buildTime 240}
				{entity "hedgehog2"}
				{manual
					{0
						-0.034 0.994 0.1
						-0.997 -0.04 0.061
						0.065 -0.098 0.993
						1709.16 -3345.37 186.874
					}
					{1
						-0.196 0.98 0.001
						-0.98 -0.196 0.027
						0.026 0.003 0.999
						1696.08 -3236.31 189
					}
					{2
						-0.346 0.937 0.027
						-0.937 -0.347 0.019
						0.028 -0.018 0.999
						1666.11 -3130.64 192.971
					}
					{3
						-0.49 0.871 -0.005
						-0.869 -0.488 0.068
						0.057 0.038 0.997
						1619.97 -3030.96 194
					}
					{6
						-0.832 0.553 -0.016
						-0.554 -0.832 0.024
						0 0.029 0.999
						1397.76 -2791.3 178
					}
					{7
						-0.903 0.412 -0.119
						-0.417 -0.908 0.02
						-0.099 0.068 0.992
						1301.85 -2737.77 169.178
					}
					{8
						-0.95 0.257 -0.173
						-0.269 -0.961 0.049
						-0.153 0.093 0.983
						1198.74 -2699.9 159.68
					}
					{9
						-0.991 0.105 -0.08
						-0.115 -0.984 0.132
						-0.064 0.14 0.987
						1090.97 -2678.64 152.822
					}
					{10
						-0.999 -0.039 0.007
						0.039 -0.979 0.195
						0 0.196 0.98
						981.211 -2674.49 148.993
					}
					{11
						-0.975 -0.203 -0.084
						0.195 -0.976 0.092
						-0.1 0.073 0.992
						872.149 -2687.56 145.204
					}
					{12
						-0.939 -0.342 0.027
						0.341 -0.922 0.177
						-0.035 0.176 0.983
						766.476 -2717.54 141.603
					}
					{13
						-0.865 -0.496 -0.068
						0.485 -0.863 0.134
						-0.125 0.083 0.988
						666.792 -2763.68 140.219
					}
					{16
						-0.556 -0.83 0.029
						0.827 -0.551 0.102
						-0.069 0.081 0.994
						427.132 -2985.88 144.09
					}
					{17
						-0.405 -0.911 -0.067
						0.895 -0.411 0.17
						-0.183 0.008 0.983
						373.604 -3081.8 145.626
					}
					{18
						-0.26 -0.964 -0.05
						0.946 -0.265 0.182
						-0.189 0 0.981
						335.741 -3184.91 145.053
					}
					{19
						-0.111 -0.993 -0.036
						0.984 -0.114 0.135
						-0.138 -0.02 0.99
						314.474 -3292.68 142.8
					}
					{20
						0.064 -0.983 -0.166
						0.988 0.04 0.143
						-0.134 -0.174 0.975
						310.326 -3402.44 137.404
					}
					{21
						0.191 -0.981 0.028
						0.963 0.193 0.187
						-0.189 -0.008 0.981
						323.401 -3511.5 134.585
					}
					{22
						0.336 -0.939 0.061
						0.922 0.341 0.177
						-0.188 -0.003 0.982
						353.375 -3617.18 130.58
					}
					{23
						0.486 -0.873 0.024
						0.864 0.485 0.129
						-0.125 -0.042 0.991
						399.512 -3716.86 127.91
					}
					{24
						0.62 -0.784 0
						0.784 0.62 0
						0 0 1
						189.861 -3268.21 123.564
					}
					{25
						0.735 -0.677 0
						0.677 0.735 0
						0 0 1
						97.097 -3243.66 109.149
					}
					{27
						0.908 -0.417 0
						0.417 0.908 0
						0 0 1
						25.022 -3215.19 102
					}
					{28
						0.962 -0.269 0
						0.269 0.962 0
						0 0 1
						1296.78 -2643.4 154.453
					}
					{29
						0.993 -0.116 0
						0.116 0.993 0
						0 0 1
						1404.54 -2664.67 163.029
					}
					{30
						0.999 0.04 0
						-0.04 0.999 0
						0 0 1
						1681.52 -3933.86 128.894
					}
					{31
						0.98 0.196 0
						-0.196 0.98 0
						0 0 1
						1775.37 -4004.97 127.998
					}
					{32
						0.937 0.347 0
						-0.347 0.937 0
						0 0 1
						1855.85 -4082.78 120.93
					}
					{37
						0.409 0.907 0.089
						-0.906 0.416 -0.075
						-0.105 -0.049 0.993
						1645.88 -3666.01 150.057
					}
					{38
						0.274 0.942 0.188
						-0.961 0.269 0.053
						0 -0.196 0.98
						1683.74 -3562.9 167.323
					}
					{39
						0.118 0.986 0.116
						-0.992 0.115 0.028
						0.014 -0.119 0.992
						1705.01 -3455.14 179.888
					}
				}
			}
		}
		{Player 0}
		{MID 5}
	}
	{Entity "map_point" 0xc007
		{Position -651.06 7214.49}
		{xform zl -85.44}
		{Extender "map_point"
			{name a2}
			{team a}
			{zone
				{radius 0}
				{zoneId ""}
			}
			{phase 0}
			{order 2}
			{visor SpawnPoint}
			{allow
				{enableCapture}
				{enableRelease}
			}
		}
		{Player 0}
		{MID 9}
	}
	{Entity "map_point" 0x8005
		{Position -846.86 -7097.32}
		{xform zl 92.75}
		{Extender "map_point"
			{name b1}
			{team b}
			{zone
				{radius 0}
				{zoneId ""}
			}
			{phase 0}
			{order 1}
			{visor SpawnPoint}
			{allow
				{enableCapture}
				{enableRelease}
			}
		}
		{Player 0}
		{MID 1}
	}
	{Entity "map_point" 0x8000
		{Position 2664.92 7197.74}
		{xform zl -88.04}
		{Extender "map_point"
			{name a1}
			{team a}
			{zone
				{radius 0}
				{zoneId ""}
			}
			{phase 0}
			{order 1}
			{visor SpawnPoint}
			{allow
				{enableCapture}
				{enableRelease}
			}
		}
		{Player 0}
		{MID 6}
	}
	{Entity "map_point" 0x8001
		{Position 3196.04 -7026.1}
		{xform zl 85.37}
		{Extender "map_point"
			{name b2}
			{team b}
			{zone
				{radius 0}
				{zoneId ""}
			}
			{phase 0}
			{order 2}
			{visor SpawnPoint}
			{allow
				{enableCapture}
				{enableRelease}
			}
		}
		{Player 0}
		{MID 7}
	}
	{Entity "ammo2" 0x8007
		{Extender "supply_zone"
			{enabled}
			{current 0}
		}
	}
	{Entity "ammo2" 0x8008
		{Extender "supply_zone"
			{enabled}
			{current 0}
		}
	}
	{Entity "ammo2" 0x8009
		{Extender "supply_zone"
			{enabled}
			{current 0}
		}
	}
	{Entity "ammo_point" 0xa001
		{Position -4738.47 809.18}
		{xform zl 52.59}
		{Extender "map_point"
			{name f8}
			{zone
				{radius 0}
				{zoneId "f8"}
			}
			{phase 0}
			{order 0}
			{show All}
			{visor MapPoint}
			{allow
				{enableCapture}
				{enableRelease}
			}
		}
		{Player 0}
		{MID 8}
		{Able "minimap"}
	}
	{Entity "ammo2" 0xa002
		{Extender "supply_zone"
			{enabled}
			{current 0}
		}
	}
	{Entity "ammo_point" 0xa003
		{Position -4806.39 -686.98}
		{xform zl 68.01}
		{Extender "map_point"
			{name f7}
			{zone
				{radius 0}
				{zoneId "f7"}
			}
			{phase 0}
			{order 0}
			{show All}
			{visor MapPoint}
			{allow
				{enableCapture}
				{enableRelease}
			}
		}
		{Player 0}
		{MID 10}
		{Able "minimap"}
	}
	{Entity "ammo2" 0xa004
		{Extender "supply_zone"
			{enabled}
			{current 0}
		}
	}
	{Entity "ammo_point" 0xa005
		{Position 2257.87 1363.54}
		{xform zl -114.64}
		{Extender "map_point"
			{name f10}
			{zone
				{radius 0}
				{zoneId "f10"}
			}
			{phase 0}
			{order 0}
			{show All}
			{visor MapPoint}
			{allow
				{enableCapture}
				{enableRelease}
			}
		}
		{Player 0}
		{MID 11}
		{Able "minimap"}
	}
	{Entity "ammo2" 0xa006
		{Extender "supply_zone"
			{enabled}
			{current 0}
		}
	}
	{Entity "ammo_point" 0xa007
		{Position -851.91 243.3}
		{xform zl -9.85}
		{Extender "map_point"
			{name f6}
			{zone
				{radius 0}
				{zoneId "f6"}
			}
			{phase 0}
			{order 0}
			{show All}
			{visor MapPoint}
			{allow
				{enableCapture}
				{enableRelease}
			}
		}
		{Player 0}
		{MID 12}
		{Able "minimap"}
	}
	{Entity "ammo2" 0xa008
		{Extender "supply_zone"
			{enabled}
			{current 0}
		}
	}
	{Entity "ammo_point" 0xa009
		{Position -2187.85 235.53}
		{xform zl 107.64}
		{Extender "map_point"
			{name f9}
			{zone
				{radius 0}
				{zoneId "f9"}
			}
			{phase 0}
			{order 0}
			{show All}
			{visor MapPoint}
			{allow
				{enableCapture}
				{enableRelease}
			}
		}
		{Player 0}
		{MID 13}
		{Able "minimap"}
	}
	{Entity "ammo2" 0xa00a
		{Extender "supply_zone"
			{enabled}
			{current 0}
		}
	}
	{Entity "ammo2" 0x8006
		{Extender "supply_zone"
			{enabled}
			{current 0}
		}
	}
	{Entity "ammo2" 0x800a
		{Extender "supply_zone"
			{enabled}
			{current 0}
		}
	}
	{Link 0x8007 {0x802f "ammo"}}
	{Link 0x8008 {0x8011 "ammo"}}
	{Link 0x8009 {0x8013 "ammo"}}
	{Link 0x8006 {0x8003 "ammo"}}
	{Link 0x800a {0x8004 "ammo"}}
	{Link 0xa002 {0xa001 "ammo"}}
	{Link 0xa004 {0xa003 "ammo"}}
	{Link 0xa006 {0xa005 "ammo"}}
	{Link 0xa008 {0xa007 "ammo"}}
	{Link 0xa00a {0xa009 "ammo"}}
	{Tags "bare" 0x465c}
	{Tags "bare" 0x465f}
	{Tags "bare" 0x4666}
	{Tags "bare" 0x466f}
	{Tags "bare" 0x4678}
	{Tags "bare" 0x4679}
	{Tags "bare" 0x4682}
	{Tags "bare" 0x4692}
	{Tags "bare" 0x469a}
	{Tags "bare" 0x46b8}
	{Tags "bare" 0x46c6}
	{Tags "bare" 0x46e1}
	{Tags "bare" 0x46ea}
	{Tags "bare" 0x46f7}
	{Tags "bare" 0x4705}
	{Tags "bare" 0x22df}
	{Tags "bare" 0x22e0}
	{Tags "bare" 0x22e4}
	{Tags "bare" 0x22e5}
	{Tags "bare" 0x22e7}
	{Tags "bare" 0x22e9}
	{Tags "bare" 0x22eb}
	{Tags "bare" 0x22ec}
	{Tags "bare" 0x22f4}
	{Tags "bare" 0x22f5}
	{Tags "bare" 0x230b}
	{Tags "bare" 0x230c}
	{Tags "bare" 0x230f}
	{Tags "bare" 0x2310}
	{Tags "bare" 0x237a}
	{Tags "bare" 0x2382}
	{Tags "bare" 0x2383}
	{Tags "bare" 0x2389}
	{Tags "bare" 0x46c1}
	{Tags "bare" 0x46e4}
	{Tags "bare" 0x4768}
	{Tags "flag" 0x802f}
	{Tags "flag" 0x8011}
	{Tags "flag" 0x8013}
	{Tags "flag" 0x8003}
	{Tags "flag" 0x8004}
	{Tags "base_a" "flag" 0xe002}
	{Tags "base_b" "flag" 0xa000}
	{Tags "flag" 0xa001}
	{Tags "flag" 0xa003}
	{Tags "flag" 0xa005}
	{Tags "flag" 0xa007}
	{Tags "flag" 0xa009}
	{Environment "goh/multi/2v2_ziborovo/var1"}
	{Helpers
		(include "../am_events.inc")
		{zone "poly"
			{position 380.863 3478.1 37.5163}
			{Name "base_a"}
			{Point -592.615 -554.777}
			{Point -609.884 598.668}
			{Point 621.588 503.729}
			{Point 580.911 -547.619}
		}
		{zone "poly"
			{position 949.013 -3342.57 193}
			{Name "base_b"}
			{Point -675.619 -508.432}
			{Point -548.121 638.413}
			{Point 648.749 478.551}
			{Point 574.991 -608.531}
		}
		{zone "poly"
			{position 318.998 -48.877 101.092}
			{Name "f1"}
			{Point 446.561 -889.747}
			{Point -1001.52 -617.263}
			{Point -412.605 1020.95}
			{Point 967.56 486.061}
		}
		{zone "poly"
			{position 2327.58 1339.66 147}
			{Name "f10"}
			{Point -664.008 -90.1783}
			{Point -240.023 586.212}
			{Point 653.178 98.58}
			{Point 250.852 -594.614}
		}
		{zone "poly"
			{position 2397.74 -1319.69 188}
			{Name "f2"}
			{Point -232.05 674.199}
			{Point 652.022 353.181}
			{Point 219.297 -668.818}
			{Point -639.269 -358.562}
		}
		{zone "poly"
			{position 2186.84 346.344 186}
			{Name "f3"}
			{Point -713.745 -136.489}
			{Point -246.016 656.585}
			{Point 706.878 103.602}
			{Point 252.884 -623.697}
		}
		{zone "poly"
			{position -3587.47 -196.971 65}
			{Name "f4"}
			{Point -746.586 -864.463}
			{Point -137.221 961.638}
			{Point 427.115 434.225}
			{Point 456.692 -531.4}
		}
		{zone "poly"
			{position 4449.98 544.424 236}
			{Name "f5"}
			{Point 888.428 -482.879}
			{Point -675.737 -696.998}
			{Point -874.353 567.614}
			{Point 661.663 612.262}
		}
		{zone "poly"
			{position -823.302 223.356 68}
			{Name "f6"}
			{Point -553.073 -590.322}
			{Point -168.338 712.984}
			{Point 586.957 592.108}
			{Point 134.454 -714.77}
		}
		{zone "poly"
			{position -5158.44 -558.281 76.7507}
			{Name "f7"}
			{Point -577.675 722.601}
			{Point 935.75 193.551}
			{Point 519.562 -729.286}
			{Point -877.636 -186.866}
		}
		{zone "poly"
			{position -4727.54 977.07 119}
			{Name "f8"}
			{Point -937.217 -264.716}
			{Point -752.332 683.656}
			{Point 985.079 271.93}
			{Point 704.47 -690.869}
		}
		{zone "poly"
			{position -2110.13 136.463 54.0239}
			{Name "f9"}
			{Point -683.499 -838.518}
			{Point -802.154 622.752}
			{Point 981.558 817.367}
			{Point 504.095 -601.601}
		}
		{zone "poly"
			{position 29.5904 31.9968 92}
			{Name "global"}
			{Point -7421.39 -7339.55}
			{Point -7389.92 7343.77}
			{Point 7393.2 7348.74}
			{Point 7418.11 -7352.97}
		}
		{reinforcements
			{scoreTotal 0}
			{scoreCurrent 0}
		}
		{vars
			(include "../am_vars.inc")
		}
		{mission_options
			{"any_weather"}
			{"day_weather"}
			{"night_weather"}
		}
		{triggers
			(include "../am_triggers.inc")
			{"start"
				{condition
				}
				{actions
					{"delay"
						{time 0.1}
					}
					{"event"
						{event "gamestart"}
						{mode set}
						{delay 0}
					}
					{"delay"
						{time 0.1}
					}
					{"event"
						{event "ambient"}
						{mode set}
						{delay 0}
					}
				}
			}
			{"music_new/action_playlist/action_theme_3"
				{condition
					{terms
						{"1.event"
							{id "disabled"}
						}
					}
				}
				{actions
					{"delay"
						{time 0.1}
					}
					{"music"
						{start "/music/action_theme_3.wav"}
						{volume game}
						{fade 5}
					}
					{"delay"
						{time 1}
					}
					{"trigger"
						{name "music_new/action_playlist/action_theme_3"}
					}
				}
			}
			{"music_new/ambient_selection"
				{condition
					{expression "1 & (2|3)"}
					{terms
						{"1.event"
							{id "gamestart"}
						}
						{"2.event"
							{id "ambient"}
						}
						{"3.cmp_i"
							{var "ambient$"}
							{op ">="}
							{value 20}
						}
					}
				}
				{actions
					{"delay"
						{time 0.1}
					}
					{"event"
						{event "action"}
						{mode reset}
						{delay 0}
					}
					{"event"
						{event "ambient"}
						{mode set}
						{delay 0}
					}
					{"delay"
						{time 0.1}
					}
					{"trigger"
						{name "music_new/music_fade"}
						{on}
					}
					{"delay"
						{time 0.1}
					}
					{"set_i"
						{var "action_selection$"}
						{op "="}
						{value 0}
					}
					{"set_i"
						{var "ambient$"}
						{op "="}
						{value 0}
					}
					{"delay"
						{time 1}
					}
					{"trigger"
						{name "music_new/action_selection "}
					}
					{"delay"
						{time 0.1}
					}
					{"switch"
						{"case"
							{condition
								{type cmp_i}
								{var "ambient_selection$"}
								{op "=="}
								{value 0}
							}
							{"switch"
								{"case"
									{condition
										{type rand}
										{value 0.25}
									}
									{"set_i"
										{var "ambient_selection$"}
										{op "="}
										{value 1}
									}
								}
								{"case"
									{condition
										{type rand}
										{value 0.25}
									}
									{"set_i"
										{var "ambient_selection$"}
										{op "="}
										{value 2}
									}
								}
								{"case"
									{condition
										{type rand}
										{value 0.25}
									}
									{"set_i"
										{var "ambient_selection$"}
										{op "="}
										{value 3}
									}
								}
								{"case"
									{condition
										{type rand}
										{value 0.33}
									}
									{"set_i"
										{var "ambient_selection$"}
										{op "="}
										{value 4}
									}
								}
								{"case"
									{condition
										{type rand}
										{value 0.33}
									}
									{"set_i"
										{var "ambient_selection$"}
										{op "="}
										{value 5}
									}
								}
								{"case"
									{condition
										{type rand}
										{value 0.5}
									}
									{"set_i"
										{var "ambient_selection$"}
										{op "="}
										{value 6}
									}
								}
								{"case"
									{condition
										{type rand}
										{value 1}
									}
									{"set_i"
										{var "ambient_selection$"}
										{op "="}
										{value 7}
									}
								}
							}
						}
						{"case"
							{condition
								{type cmp_i}
								{var "ambient_selection$"}
								{op "<<"}
								{value 7}
							}
							{"set_i"
								{var "ambient_selection$"}
								{op "+"}
								{value 1}
							}
						}
						{"case"
							{condition
								{type cmp_i}
								{var "ambient_selection$"}
								{op ">="}
								{value 7}
							}
							{"switch"
								{"case"
									{condition
										{type rand}
										{value 0.25}
									}
									{"set_i"
										{var "ambient_selection$"}
										{op "="}
										{value 1}
									}
								}
								{"case"
									{condition
										{type rand}
										{value 0.25}
									}
									{"set_i"
										{var "ambient_selection$"}
										{op "="}
										{value 2}
									}
								}
								{"case"
									{condition
										{type rand}
										{value 0.25}
									}
									{"set_i"
										{var "ambient_selection$"}
										{op "="}
										{value 3}
									}
								}
								{"case"
									{condition
										{type rand}
										{value 0.33}
									}
									{"set_i"
										{var "ambient_selection$"}
										{op "="}
										{value 4}
									}
								}
								{"case"
									{condition
										{type rand}
										{value 0.33}
									}
									{"set_i"
										{var "ambient_selection$"}
										{op "="}
										{value 5}
									}
								}
								{"case"
									{condition
										{type rand}
										{value 0.5}
									}
									{"set_i"
										{var "ambient_selection$"}
										{op "="}
										{value 6}
									}
								}
								{"case"
									{condition
										{type rand}
										{value 1}
									}
									{"set_i"
										{var "ambient_selection$"}
										{op "="}
										{value 7}
									}
								}
							}
						}
					}
					{"switch"
						{"case"
							{condition
								{type cmp_i}
								{var "ambient_selection$"}
								{op "=="}
								{value 1}
							}
							{"trigger"
								{name "music_new/ambient_playlist/ambient_2"}
								{on}
							}
							{"delay"
								{time 105}
							}
							{"switch"
								{"case"
									{condition
										{type cmp_i}
										{var "ambient_selection$"}
										{op "=="}
										{value 1}
									}
									{"trigger"
										{name "music_new/ambient_selection"}
									}
								}
								{"default"}
							}
						}
						{"case"
							{condition
								{type cmp_i}
								{var "ambient_selection$"}
								{op "=="}
								{value 2}
							}
							{"trigger"
								{name "music_new/ambient_playlist/ambient_4"}
								{on}
							}
							{"delay"
								{time 165}
							}
							{"switch"
								{"case"
									{condition
										{type cmp_i}
										{var "ambient_selection$"}
										{op "=="}
										{value 2}
									}
									{"trigger"
										{name "music_new/ambient_selection"}
									}
								}
								{"default"}
							}
						}
						{"case"
							{condition
								{type cmp_i}
								{var "ambient_selection$"}
								{op "=="}
								{value 3}
							}
							{"trigger"
								{name "music_new/ambient_playlist/ger_ambient_lvl1"}
								{on}
							}
							{"delay"
								{time 135}
							}
							{"switch"
								{"case"
									{condition
										{type cmp_i}
										{var "ambient_selection$"}
										{op "=="}
										{value 3}
									}
									{"trigger"
										{name "music_new/ambient_selection"}
									}
								}
								{"default"}
							}
						}
						{"case"
							{condition
								{type cmp_i}
								{var "ambient_selection$"}
								{op "=="}
								{value 4}
							}
							{"trigger"
								{name "music_new/ambient_playlist/intro_glushkovo"}
								{on}
							}
							{"delay"
								{time 22}
							}
							{"switch"
								{"case"
									{condition
										{type cmp_i}
										{var "ambient_selection$"}
										{op "=="}
										{value 4}
									}
									{"trigger"
										{name "music_new/ambient_selection"}
									}
								}
								{"default"}
							}
						}
						{"case"
							{condition
								{type cmp_i}
								{var "ambient_selection$"}
								{op "=="}
								{value 5}
							}
							{"trigger"
								{name "music_new/ambient_playlist/intro_vyazma"}
								{on}
							}
							{"delay"
								{time 47}
							}
							{"switch"
								{"case"
									{condition
										{type cmp_i}
										{var "ambient_selection$"}
										{op "=="}
										{value 5}
									}
									{"trigger"
										{name "music_new/ambient_selection"}
									}
								}
								{"default"}
							}
						}
						{"case"
							{condition
								{type cmp_i}
								{var "ambient_selection$"}
								{op "=="}
								{value 6}
							}
							{"trigger"
								{name "music_new/ambient_playlist/rus_ambient_lvl1"}
								{on}
							}
							{"delay"
								{time 90}
							}
							{"switch"
								{"case"
									{condition
										{type cmp_i}
										{var "ambient_selection$"}
										{op "=="}
										{value 6}
									}
									{"trigger"
										{name "music_new/ambient_selection"}
									}
								}
								{"default"}
							}
						}
						{"case"
							{condition
								{type cmp_i}
								{var "ambient_selection$"}
								{op "=="}
								{value 7}
							}
							{"trigger"
								{name "music_new/ambient_playlist/action_theme2"}
								{on}
							}
							{"delay"
								{time 195}
							}
							{"switch"
								{"case"
									{condition
										{type cmp_i}
										{var "ambient_selection$"}
										{op "=="}
										{value 7}
									}
									{"trigger"
										{name "music_new/ambient_selection"}
									}
								}
								{"default"}
							}
						}
						{"default"
							{"trigger"
								{name "music_new/ambient_selection"}
							}
						}
					}
				}
			}
			{"music_new/silent_timer"
				{condition
					{expression "1 & 2 & !3"}
					{terms
						{"1.event"
							{id "gamestart"}
						}
						{"2.event"
							{id "action"}
						}
						{"3.event"
							{id "ambient"}
						}
					}
				}
				{actions
					{"delay"
						{time 4}
					}
					{"set_i"
						{var "ambient$"}
						{op "+"}
						{value 4}
					}
					{"delay"
						{time 0.1}
					}
					{"trigger"
						{name "music_new/silent_timer"}
					}
				}
			}
			{"music_new/ambient_playlist/ambient_2"
				{condition
					{terms
						{"1.event"
							{id "disabled"}
						}
					}
				}
				{actions
					{"delay"
						{time 0.1}
					}
					{"music"
						{start "/music/ambient_2.wav"}
						{stop_all}
						{volume game}
						{fade 5}
					}
					{"delay"
						{time 1}
					}
					{"trigger"
						{name "music_new/ambient_playlist/ambient_2"}
					}
				}
			}
			{"music_new/ambient_playlist/ambient_4"
				{condition
					{terms
						{"1.event"
							{id "disabled"}
						}
					}
				}
				{actions
					{"delay"
						{time 0.1}
					}
					{"music"
						{start "/music/ambient_4.wav"}
						{volume game}
						{fade 5}
					}
					{"delay"
						{time 1}
					}
					{"trigger"
						{name "music_new/ambient_playlist/ambient_4"}
					}
				}
			}
			{"music_new/ambient_playlist/ger_ambient_lvl1"
				{condition
					{terms
						{"1.event"
							{id "disabled"}
						}
					}
				}
				{actions
					{"delay"
						{time 0.1}
					}
					{"music"
						{start "/music/ger_ambient_lvl1.wav"}
						{volume game}
						{fade 5}
					}
					{"delay"
						{time 1}
					}
					{"trigger"
						{name "music_new/ambient_playlist/ger_ambient_lvl1"}
					}
				}
			}
			{"music_new/ambient_playlist/intro_glushkovo"
				{condition
					{terms
						{"1.event"
							{id "disabled"}
						}
					}
				}
				{actions
					{"delay"
						{time 0.1}
					}
					{"music"
						{start "/music/intro_glushkovo.wav"}
						{volume game}
						{fade 5}
					}
					{"delay"
						{time 1}
					}
					{"trigger"
						{name "music_new/ambient_playlist/intro_glushkovo"}
					}
				}
			}
			{"music_new/ambient_playlist/intro_vyazma"
				{condition
					{terms
						{"1.event"
							{id "disabled"}
						}
					}
				}
				{actions
					{"delay"
						{time 0.1}
					}
					{"music"
						{start "/music/intro_vyazma.wav"}
						{volume game}
						{fade 5}
					}
					{"delay"
						{time 1}
					}
					{"trigger"
						{name "music_new/ambient_playlist/intro_vyazma"}
					}
				}
			}
			{"music_new/ambient_playlist/rus_ambient_lvl1"
				{condition
					{terms
						{"1.event"
							{id "disabled"}
						}
					}
				}
				{actions
					{"delay"
						{time 0.1}
					}
					{"music"
						{start "/music/rus_ambient_lvl1.wav"}
						{volume game}
						{fade 5}
					}
					{"delay"
						{time 1}
					}
					{"trigger"
						{name "music_new/ambient_playlist/rus_ambient_lvl1"}
					}
				}
			}
			{"music_new/action_selection "
				{condition
					{expression "1 & (2|3)"}
					{terms
						{"1.event"
							{id "gamestart"}
						}
						{"2.event"
							{id "action"}
						}
						{"3.signal"
							{zone "global"}
							{signals "shot injure explosion"}
						}
					}
				}
				{actions
					{"delay"
						{time 0.1}
					}
					{"event"
						{event "ambient"}
						{mode reset}
						{delay 0}
					}
					{"event"
						{event "action"}
						{mode set}
						{delay 0}
					}
					{"delay"
						{time 0.1}
					}
					{"trigger"
						{name "music_new/music_fade"}
						{on}
					}
					{"delay"
						{time 0.1}
					}
					{"set_i"
						{var "ambient_selection$"}
						{op "="}
						{value 0}
					}
					{"delay"
						{time 1}
					}
					{"trigger"
						{name "music_new/ambient_selection"}
					}
					{"delay"
						{time 0.1}
					}
					{"switch"
						{"case"
							{condition
								{type cmp_i}
								{var "action_selection$"}
								{op "=="}
								{value 0}
							}
							{"switch"
								{"case"
									{condition
										{type rand}
										{value 0.25}
									}
									{"set_i"
										{var "action_selection$"}
										{op "="}
										{value 1}
									}
								}
								{"case"
									{condition
										{type rand}
										{value 0.25}
									}
									{"set_i"
										{var "action_selection$"}
										{op "="}
										{value 2}
									}
								}
								{"case"
									{condition
										{type rand}
										{value 0.25}
									}
									{"set_i"
										{var "action_selection$"}
										{op "="}
										{value 3}
									}
								}
								{"case"
									{condition
										{type rand}
										{value 0.33}
									}
									{"set_i"
										{var "action_selection$"}
										{op "="}
										{value 4}
									}
								}
								{"case"
									{condition
										{type rand}
										{value 0.33}
									}
									{"set_i"
										{var "action_selection$"}
										{op "="}
										{value 5}
									}
								}
								{"case"
									{condition
										{type rand}
										{value 0.5}
									}
									{"set_i"
										{var "action_selection$"}
										{op "="}
										{value 6}
									}
								}
								{"case"
									{condition
										{type rand}
										{value 1}
									}
									{"set_i"
										{var "action_selection$"}
										{op "="}
										{value 7}
									}
								}
							}
						}
						{"case"
							{condition
								{type cmp_i}
								{var "action_selection$"}
								{op "<<"}
								{value 7}
							}
							{"set_i"
								{var "action_selection$"}
								{op "+"}
								{value 1}
							}
						}
						{"case"
							{condition
								{type cmp_i}
								{var "action_selection$"}
								{op ">="}
								{value 7}
							}
							{"switch"
								{"case"
									{condition
										{type rand}
										{value 0.25}
									}
									{"set_i"
										{var "action_selection$"}
										{op "="}
										{value 1}
									}
								}
								{"case"
									{condition
										{type rand}
										{value 0.25}
									}
									{"set_i"
										{var "action_selection$"}
										{op "="}
										{value 2}
									}
								}
								{"case"
									{condition
										{type rand}
										{value 0.25}
									}
									{"set_i"
										{var "action_selection$"}
										{op "="}
										{value 3}
									}
								}
								{"case"
									{condition
										{type rand}
										{value 0.33}
									}
									{"set_i"
										{var "action_selection$"}
										{op "="}
										{value 4}
									}
								}
								{"case"
									{condition
										{type rand}
										{value 0.33}
									}
									{"set_i"
										{var "action_selection$"}
										{op "="}
										{value 5}
									}
								}
								{"case"
									{condition
										{type rand}
										{value 0.5}
									}
									{"set_i"
										{var "action_selection$"}
										{op "="}
										{value 6}
									}
								}
								{"case"
									{condition
										{type rand}
										{value 1}
									}
									{"set_i"
										{var "action_selection$"}
										{op "="}
										{value 7}
									}
								}
							}
						}
					}
					{"switch"
						{"case"
							{condition
								{type cmp_i}
								{var "action_selection$"}
								{op "=="}
								{value 1}
							}
							{"trigger"
								{name "music_new/action_playlist/action_theme_3"}
								{on}
							}
							{"delay"
								{time 165}
							}
							{"switch"
								{"case"
									{condition
										{type cmp_i}
										{var "action_selection$"}
										{op "=="}
										{value 1}
									}
									{"trigger"
										{name "music_new/action_selection "}
									}
								}
								{"default"}
							}
						}
						{"case"
							{condition
								{type cmp_i}
								{var "action_selection$"}
								{op "=="}
								{value 2}
							}
							{"trigger"
								{name "music_new/action_playlist/ger_action_lvl3"}
								{on}
							}
							{"delay"
								{time 125}
							}
							{"switch"
								{"case"
									{condition
										{type cmp_i}
										{var "action_selection$"}
										{op "=="}
										{value 2}
									}
									{"trigger"
										{name "music_new/action_selection "}
									}
								}
								{"default"}
							}
						}
						{"case"
							{condition
								{type cmp_i}
								{var "action_selection$"}
								{op "=="}
								{value 3}
							}
							{"trigger"
								{name "music_new/action_playlist/ger_battle_lvl1"}
								{on}
							}
							{"delay"
								{time 175}
							}
							{"switch"
								{"case"
									{condition
										{type cmp_i}
										{var "action_selection$"}
										{op "=="}
										{value 3}
									}
									{"trigger"
										{name "music_new/action_selection "}
									}
								}
								{"default"}
							}
						}
						{"case"
							{condition
								{type cmp_i}
								{var "action_selection$"}
								{op "=="}
								{value 4}
							}
							{"trigger"
								{name "music_new/action_playlist/ger_battle_lvl2"}
								{on}
							}
							{"delay"
								{time 110}
							}
							{"switch"
								{"case"
									{condition
										{type cmp_i}
										{var "action_selection$"}
										{op "=="}
										{value 4}
									}
									{"trigger"
										{name "music_new/action_selection "}
									}
								}
							}
						}
						{"case"
							{condition
								{type cmp_i}
								{var "action_selection$"}
								{op "=="}
								{value 5}
							}
							{"trigger"
								{name "music_new/action_playlist/rus_battle_lvl1"}
								{on}
							}
							{"delay"
								{time 220}
							}
							{"switch"
								{"case"
									{condition
										{type cmp_i}
										{var "action_selection$"}
										{op "=="}
										{value 5}
									}
									{"trigger"
										{name "music_new/action_selection "}
									}
								}
							}
						}
						{"case"
							{condition
								{type cmp_i}
								{var "action_selection$"}
								{op "=="}
								{value 6}
							}
							{"trigger"
								{name "music_new/action_playlist/rus_battle_lvl2"}
								{on}
							}
							{"delay"
								{time 235}
							}
							{"switch"
								{"case"
									{condition
										{type cmp_i}
										{var "action_selection$"}
										{op "=="}
										{value 6}
									}
									{"trigger"
										{name "music_new/action_selection "}
									}
								}
							}
						}
						{"case"
							{condition
								{type cmp_i}
								{var "action_selection$"}
								{op "=="}
								{value 7}
							}
							{"trigger"
								{name "music_new/action_playlist/rus_battle_lvl3"}
								{on}
							}
							{"delay"
								{time 60}
							}
							{"switch"
								{"case"
									{condition
										{type cmp_i}
										{var "action_selection$"}
										{op "=="}
										{value 7}
									}
									{"trigger"
										{name "music_new/action_selection "}
									}
								}
							}
						}
						{"default"
							{"trigger"
								{name "music_new/action_selection "}
							}
						}
					}
				}
			}
			{"music_new/ambient_playlist/action_theme2"
				{condition
					{terms
						{"1.event"
							{id "disabled"}
						}
					}
				}
				{actions
					{"delay"
						{time 0.1}
					}
					{"music"
						{start "/music/action_theme_2.wav"}
						{volume game}
						{fade 5}
					}
					{"delay"
						{time 1}
					}
					{"trigger"
