;Exported by:	 guita
;Date:			 15.09.2023 16:52:14
;File:			 D:\Git\3D_Scenes\GoH_3D_vehicles_usa\vehicles\cannon\76mm_m5_m1\76mm_m5_m1_xx.max
{skeleton
	{bone revolute "basis"
		{parameters "wheelradius=0.285;"}
		{orientation
			1 	 0 	 0
			0 	 -1 	 0
			0 	 0 	 1
		}
		{bone "body"
			{parameters "id=body;"}
			{matrix34
				1 	 0 	 0
				0 	 0.9994 	 0.0349
				0 	 -0.0349 	 0.9994
				0 	 0 	 9.4513
			}
			{VolumeView "body.ply"}
			{bone "standl"
				{parameters "id=body;"}
				{matrix34
					0.9914 	 0.1291 	 -0.0193
					-0.1305 	 0.9806 	 -0.1465
					0 	 0.1478 	 0.989
					-4.2113 	 7.4077 	 1.4908
				}
				{VolumeView "standl.ply"}
			}
			{bone "standr"
				{parameters "id=body;"}
				{matrix34
					0.9971 	 -0.062 	 0.0436
					0.0619 	 0.9981 	 0.0027
					-0.0436 	 0 	 0.999
					-4.2113 	 -7.4089 	 1.4908
				}
				{VolumeView "standr.ply"}
			}
			{bone "part2"
				{parameters "id=part2;"}
				{matrix34
					0.9637 	 -0.2535 	 -0.0838
					0.2631 	 0.955 	 0.1368
					0.0453 	 -0.1539 	 0.987
					0.8834 	 -9.56 	 9.5143
				}
				{VolumeView "part2.ply"}
			}
			{bone "part3"
				{parameters "id=part3;"}
				{matrix34
					0.9469 	 -0.3123 	 0.0767
					0.3087 	 0.9496 	 0.0544
					-0.0898 	 -0.0278 	 0.9956
					-20.9659 	 3.6721 	 12.5343
				}
				{VolumeView "part3.ply"}
			}
			{bone "part1"
				{parameters "id=part1;"}
				{matrix34
					0.9637 	 -0.2535 	 -0.0838
					0.2614 	 0.9598 	 0.1023
					0.0545 	 -0.1205 	 0.9912
					4.4366 	 6.7546 	 12.0492
				}
				{VolumeView "part1.ply"}
			}
		}
		{bone "pivot_front"
			{Position 0 	 0 	 10.0192}
			{bone prizmatic "suspension_r1"
				{limits -0.05 0.05}
				{speed 0.09}
				{Position 0 	 -18.6052 	 0}
				{bone revolute "wheelr"
					{parameters "id=wheelright;"}
					{matrix34
						0.9954 	 -0.0952 	 0.0109
						-0.0117 	 -0.2329 	 -0.9724
						0.0951 	 0.9678 	 -0.2329
						0 	 0 	 0
					}
					{VolumeView "wheelr.ply"}
				}
			}
			{bone prizmatic "suspension_l1"
				{limits -0.05 0.05}
				{speed 0.09}
				{Position 0 	 18.6244 	 0}
				{bone revolute "wheell"
					{parameters "id=wheelleft;"}
					{orientation
						0.9816 	 -0.1908 	 0
						0.0331 	 0.1705 	 -0.9848
						0.1879 	 0.9667 	 0.1736
					}
					{VolumeView "wheell.ply"}
				}
			}
		}
	}
}
{obstacle "obstacle"
	{obb2
		{center 0.0865211 4.57764e-005}
		{extent 9.91528 20.8673}
		{axis 1 0}
	}
	{rotate}
}
{volume "barrel1"
	{box 5.60426 2.71961 53.7595}
	{bone "body"}
	{matrix34
		-0.2582 	 -0.9648 	 -0.0503
		-0.0919 	 -0.0273 	 0.9954
		-0.9617 	 0.2616 	 -0.0817
		0.0043 	 -1.9875 	 10.7651
	}
}
{volume "barrel2"
	{polyhedron "barrel2.vol"}
	{bone "part3"}
	{Position 32.4295 	 0 	 0.021}
}
{volume "barrel3"
	{box 8.42721 5.47693 6.28894}
	{bone "part3"}
	{matrix34
		-1 	 0 	 0
		0 	 0 	 1
		0 	 1 	 0
		-7.6563 	 -0.0086 	 -0.0194
	}
}
{volume "barrel4"
	{cylinder 1.37922 29.8299}
	{bone "part3"}
	{matrix34
		0 	 -1 	 0
		0 	 0 	 1
		-1 	 0 	 0
		17.7736 	 0.0015 	 3.4322
	}
}
{volume "body1"
	{box 6.97571 22.833 4.05353}
	{bone "body"}
	{Position -1.9018 	 0 	 1.2474}
}
{volume "body2"
	{box 5.99103 11.0834 9.50349}
	{bone "body"}
	{matrix34
		-0.9637 	 0.2535 	 0.0838
		0.0453 	 -0.1539 	 0.987
		0.2631 	 0.955 	 0.1368
		-4.8121 	 0.1259 	 4.3766
	}
}
{volume "body3"
	{cylinder 3.76355 0.756482}
	{bone "body"}
	{matrix34
		-0.9637 	 0.2535 	 0.0838
		0.0453 	 -0.1539 	 0.987
		0.2631 	 0.955 	 0.1368
		0.7749 	 1.846 	 10.0526
	}
}
{volume "body4"
	{cylinder 3.76355 0.756482}
	{bone "body"}
	{matrix34
		-0.9637 	 0.2535 	 0.0838
		0.0453 	 -0.1539 	 0.987
		0.2631 	 0.955 	 0.1368
		-1.3259 	 -5.7786 	 8.9603
	}
}
{volume "hole1"
	{polyhedron "hole1.vol"}
	{bone "part1"}
	{Position 2.6932 	 4.9841 	 -2.7377}
}
{volume "hole2"
	{polyhedron "hole2.vol"}
	{bone "part2"}
	{Position 1.7689 	 7.0275 	 -2.8167}
}
{volume "shield1"
	{polyhedron "shield1.vol"}
	{bone "part1"}
	{Position 1.1685 	 1.2326 	 1.0925}
}
{volume "shield2"
	{polyhedron "shield2.vol"}
	{bone "part2"}
	{Position 0.2441 	 7.0275 	 1.0135}
}
{volume "shield3"
	{polyhedron "shield3.vol"}
	{bone "part2"}
	{Position 2.5847 	 7.0484 	 -8.6883}
}
{volume "standl"
	{box 60.4386 2.677 3.28124}
	{bone "standl"}
	{matrix34
		0.861 	 -0.4971 	 0.1074
		0.5005 	 0.8657 	 -0.005
		-0.0905 	 0.0581 	 0.9942
		-26.9849 	 16.0697 	 -3.091
	}
}
{volume "standr"
	{box 60.9588 2.29687 3.28124}
	{bone "standr"}
	{matrix34
		0.8557 	 0.5063 	 0.1068
		-0.5094 	 0.8605 	 0.0024
		-0.0907 	 -0.0565 	 0.9943
		-27.4283 	 -16.2606 	 -2.7595
	}
}
{volume "wheelleft"
	{cylinder 5.61024 5.01693}
	{bone "wheell"}
	{matrix34
		-1 	 0 	 0
		0 	 -1 	 0
		0 	 0 	 1
		0 	 0 	 -0.5562
	}
}
{volume "wheelright"
	{cylinder 5.61024 5.01693}
	{bone "wheelr"}
	{matrix34
		-1 	 0 	 0
		0 	 -1 	 0
		0 	 0 	 1
		0 	 0 	 0.5504
	}
}
