;Exported by:	 guita
;Date:			 27.06.2021 09:22:50
;File:			 D:\Git\3D_Scenes\GoH_3D_vehicles_rus\vehicles\airborne\Yak1\Yak1s69_export.max
{skeleton
	{animation
		{sequence "engine_start" {speed 0.5}}
		{sequence "engine_stop" {speed 0.5}}
		{sequence "engine_work" {speed 0.4}}
		{sequence "open" {speed 0.4}{resume}}
		{sequence "wheels" {speed 2.4}{resume}}
	}
	{bone "basis"
		{parameters "steermax=15;"}
		{orientation
			1 	 0 	 0
			0 	 -1 	 0
			0 	 0 	 1
		}
		{bone "pivot_back"
			{Position -86.1408 	 -0.0397 	 27.0002}
			{bone revolute "steer_back"
				{parameters "id=body;"}
				{Position -0.506 	 0.0352 	 -0.3769}
				{VolumeView "steer_back.ply"}
				{bone revolute "wheelback"
					{parameters "id=body;radius=0.16;support;"}
					{matrix34
						1 	 0 	 0
						0 	 0 	 -1
						0 	 1 	 0
						-3.0122 	 -0.0002 	 -4.6135
					}
					{VolumeView "wheelback.ply"}
				}
			}
		}
		{bone "pivot_front"
			{parameters "main;"}
			{Position -11.0414 	 -0.0587 	 25.241}
			{bone "gear_r"
				{parameters "id=body;"}
				{Position 20.4819 	 -31.2273 	 -0.7465}
				{VolumeView "gear_r.ply"}
				{bone revolute "wheel_r"
					{parameters "id=wheelr;radius=0.30;"}
					{matrix34
						1 	 0 	 0
						0 	 0 	 -1
						0 	 1 	 0
						0.3472 	 0.4107 	 -18.6907
					}
					{VolumeView "wheel_r.ply"}
					{bone "fxtracer1"
						{matrix34
							-0.9397 	 -0.342 	 0
							0.342 	 -0.9397 	 0
							0 	 0 	 1
							-1.0868 	 5.882 	 0.0408
						}
					}
					{bone "support1"
						{matrix34
							1 	 0 	 0
							0 	 -1 	 0
							0 	 0 	 -1
							0.0014 	 5.7979 	 0.5587
						}
					}
				}
				{bone "slider_r"
					{parameters "id=body;"}
					{VolumeView "slider_r.ply"}
				}
			}
			{bone "gear_l"
				{parameters "id=body;"}
				{Position 20.4819 	 31.3441 	 -0.7749}
				{VolumeView "gear_l.ply"}
				{bone revolute "wheel_l"
					{parameters "id=wheell;radius=0.30;"}
					{matrix34
						1 	 0 	 0
						0 	 0 	 -1
						0 	 1 	 0
						0.3472 	 -0.4113 	 -18.6623
					}
					{VolumeView "wheel_l.ply"}
					{bone "fxtracel1"
						{matrix34
							-0.9397 	 -0.342 	 0
							0.342 	 -0.9397 	 0
							0 	 0 	 1
							-1.0868 	 5.882 	 -0.2333
						}
					}
					{bone "support2"
						{matrix34
							1 	 0 	 0
							0 	 -1 	 0
							0 	 0 	 -1
							0.0015 	 5.7979 	 -0.3552
						}
					}
				}
				{bone "slider_l"
					{parameters "id=body;"}
					{VolumeView "slider_l.ply"}
				}
			}
			{bone "strut_l"
				{parameters "id=body;"}
				{Position 20.4819 	 19.5788 	 -2.435}
				{VolumeView "strut_l.ply"}
				{bone "strut2_l"
					{parameters "id=body;"}
					{Position 0 	 7.7281 	 -3.6222}
					{VolumeView "strut2_l.ply"}
				}
			}
			{bone "strut_r"
				{parameters "id=body;"}
				{Position 20.4819 	 -19.5087 	 -2.4513}
				{VolumeView "strut_r.ply"}
				{bone "strut2_r"
					{parameters "id=body;"}
					{Position 0 	 -7.8406 	 -3.6057}
					{VolumeView "strut2_r.ply"}
				}
			}
		}
		{bone "body"
			{parameters "id=body;"}
			{Position -0.0573 	 -0.0193 	 31.06}
			{VolumeView "body.ply"}
			{bone "emit1"
				{matrix34
					0.0788 	 -0.9968 	 -0.0089
					0.9625 	 0.0784 	 -0.2596
					0.2595 	 0.0119 	 0.9657
					-36.978 	 18.0331 	 -20.9497
				}
			}
			{bone "fxtracem1"
				{matrix34
					-0.9659 	 0 	 0.2588
					0 	 -1 	 0
					0.2588 	 0 	 0.9659
					-9.4195 	 -0.1439 	 -23.1704
				}
			}
			{bone "door_left1"
				{parameters "id=body;"}
				{Position 9.5112 	 6.5105 	 -11.0859}
				{VolumeView "door_left1.ply"}
			}
			{bone "glass"
				{parameters "id=body;"}
				{matrix34
					-1 	 0 	 0
					0 	 -1 	 0
					0 	 0 	 1
					-13.5579 	 0.0149 	 13.6796
				}
				{VolumeView "glass.ply"}
			}
			{bone revolute "elevator2"
				{parameters "id=body;"}
				{limits -20 20}
				{speed 0.1}
				{matrix34
					1 	 0 	 0
					0 	 0 	 1
					0 	 -1 	 0
					-92.3639 	 -16.619 	 7.4812
				}
				{VolumeView "elevator2.ply"}
			}
			{bone revolute "rudder"
				{parameters "id=body;"}
				{limits -20 20}
				{speed 0.1}
				{matrix34
					0.9939 	 0 	 -0.1103
					0 	 1 	 0
					0.1103 	 0 	 0.9939
					-96.0553 	 0.0149 	 12.3308
				}
				{VolumeView "rudder.ply"}
			}
			{bone "door_right1"
				{parameters "id=body;"}
				{Position 9.5112 	 -6.443 	 -11.1031}
				{VolumeView "door_right1.ply"}
			}
			{bone "canopy"
				{parameters "id=body;"}
				{Position -13.845 	 0.0149 	 13.3318}
				{VolumeView "canopy.ply"}
				{bone "glass_canopy"
					{parameters "id=body;"}
					{Position 0.287 	 0 	 0.3478}
					{VolumeView "glass_canopy.ply"}
				}
			}
			{bone "pitot"
				{Position 12.3158 	 70.3678 	 -2.7832}
				{VolumeView "pitot.ply"}
			}
			{bone "driver"
				{Position -13.1727 	 0.1619 	 -10.6868}
			}
			{bone revolute "gun_rot1"
				{limits -7.5 7.5}
				{Position 55.6958 	 -0.2697 	 2.8316}
				{bone revolute "gun_rot2"
					{limits -15 15}
					{matrix34
						1 	 0 	 0
						0 	 0 	 1
						0 	 -1 	 0
						0 	 0 	 0
					}
					{bone "foresight1"
						{Position 1.3229 	 -0.0273 	 -0.2995}
					}
				}
			}
			{bone "wingl2"
				{parameters "id=wingleft;"}
				{Position -5.4148 	 68.7785 	 -3.5396}
				{VolumeView "wingl2.ply"}
				{bone revolute "aileron1"
					{parameters "id=wingleft;"}
					{limits -20 20}
					{speed 0.1}
					{matrix34
						0.99 	 -0.1407 	 0
						-0.0123 	 -0.0867 	 0.9962
						-0.1402 	 -0.9862 	 -0.0876
						-6.2763 	 0.095 	 0.7104
					}
					{VolumeView "aileron1.ply"}
				}
			}
			{bone "wingr2"
				{parameters "id=wingright;"}
				{Position -5.5542 	 -68.1643 	 -3.6047}
				{VolumeView "wingr2.ply"}
				{bone revolute "aileron2"
					{parameters "id=wingright;"}
					{limits -20 20}
					{speed 0.1}
					{matrix34
						0.9897 	 0.1432 	 0
						0.0119 	 -0.082 	 -0.9966
						-0.1427 	 0.9863 	 -0.0828
						-6.0766 	 -0.1125 	 0.502
					}
					{VolumeView "aileron2.ply"}
				}
			}
			{bone "engine"
				{parameters "id=engine;"}
				{matrix34
					0 	 1 	 0
					0 	 0 	 1
					1 	 0 	 0
					24.9712 	 -0.1119 	 3.394
				}
				{bone "fxsmoke1"
					{matrix34
						-0.2164 	 -0.0026 	 -0.9763
						-0.0119 	 0.9999 	 0
						0.9762 	 0.0116 	 -0.2164
						-9.4078 	 0.1783 	 -6.2438
					}
				}
				{bone "fxsmoke2"
					{matrix34
						-0.2164 	 -0.0026 	 -0.9763
						-0.0119 	 0.9999 	 0
						0.9762 	 0.0116 	 -0.2164
						-8.8939 	 0.1783 	 0.6414
					}
				}
				{bone "fxsmoke3"
					{matrix34
						-0.2164 	 -0.0026 	 -0.9763
						-0.0119 	 0.9999 	 0
						0.9762 	 0.0116 	 -0.2164
						-8.24 	 0.1783 	 7.6667
					}
				}
				{bone "fxsmoke6"
					{matrix34
						0.4067 	 0.0049 	 -0.9135
						-0.0119 	 0.9999 	 0
						0.9135 	 0.0109 	 0.4067
						9.7157 	 0.1113 	 -5.5691
					}
				}
				{bone "fxsmoke5"
					{matrix34
						0.4067 	 0.0049 	 -0.9135
						-0.0119 	 0.9999 	 0
						0.9135 	 0.0109 	 0.4067
						9.3029 	 0.1113 	 0.9706
					}
				}
				{bone "fxsmoke4"
					{matrix34
						0.4067 	 0.0049 	 -0.9135
						-0.0119 	 0.9999 	 0
						0.9135 	 0.0109 	 0.4067
						8.7941 	 0.1113 	 7.8636
					}
				}
				{bone "propeller1"
					{matrix34
						0 	 0 	 1
						1 	 0 	 0
						0 	 1 	 0
						0.1269 	 -0.5624 	 25.457
					}
					{VolumeView "propeller1.ply"}
				}
				{bone "propeller1_work"
					{matrix34
						0 	 0 	 1
						1 	 0 	 0
						0 	 1 	 0
						0.1269 	 -0.5624 	 25.457
					}
					{visibility 0}
					{VolumeView "propeller1_work.ply"}
				}
			}
			{bone "visor"
				{Position 2.6962 	 0.2178 	 14.7221}
			}
			{bone revolute "elevator1"
				{parameters "id=body;"}
				{limits -20 20}
				{speed 0.1}
				{matrix34
					1 	 0 	 0
					0 	 0 	 1
					0 	 -1 	 0
					-92.364 	 16.6394 	 7.4812
				}
				{VolumeView "elevator1.ply"}
			}
			{bone revolute "mgun_rot1"
				{limits -7.5 7.5}
				{Position 32.3494 	 -0.2697 	 8.4955}
				{bone revolute "mgun_rot2"
					{limits -15 15}
					{matrix34
						1 	 0 	 0
						0 	 0 	 1
						0 	 -1 	 0
						0 	 0 	 0
					}
					{bone "shooter_mg01"
						{Position 0.5099 	 0.398 	 -4.718}
					}
					{bone "shooter_mg00"
						{Position 0.5099 	 0.4032 	 4.0765}
					}
					{bone "foresight4"
						{Position 4.3029 	 0.4938 	 -0.2995}
					}
				}
			}
			{bone "barrel_mg00"
				{matrix34
					1 	 0 	 0
					0 	 0 	 1
					0 	 -1 	 0
					32.8593 	 -4.3462 	 8.8987
				}
			}
			{bone "barrel_mg01"
				{matrix34
					1 	 0 	 0
					0 	 0 	 1
					0 	 -1 	 0
					32.8593 	 4.4483 	 8.8935
				}
			}
		}
	}
}
{obstacle "rectangle1"
	{obb2
		{center -90.8447 -0.595542}
		{extent 12.1192 32.5585}
		{axis 1 0}
	}
	{rotate}
	{rotate}
}
{obstacle "rectangle2"
	{obb2
		{center -25.091 0.337251}
		{extent 83.209 12.0084}
		{axis 1 0}
	}
	{rotate}
	{rotate}
}
{obstacle "rectangle3"
	{obb2
		{center -5.56369 1.28989}
		{extent 23.9409 97.2812}
		{axis 1 0}
	}
	{rotate}
	{rotate}
}
{volume "1blade1"
	{box 5.30891 26.6562 2.4942}
	{bone "propeller1"}
	{matrix34
		0 	 0.4924 	 0.8704
		0 	 0.8704 	 -0.4924
		-1 	 0 	 0
		-3.4 	 -14.1643 	 8.2213
	}
}
{volume "1blade2"
	{box 5.2513 25.6185 2.4942}
	{bone "propeller1"}
	{matrix34
		0 	 -1 	 0
		0 	 0 	 1
		-1 	 0 	 0
		-3.4 	 -0.1396 	 -17.0845
	}
}
{volume "1blade3"
	{box 5.35007 26.7525 2.4942}
	{bone "propeller1"}
	{matrix34
		0 	 0.5 	 -0.866
		0 	 -0.866 	 -0.5
		-1 	 0 	 0
		-3.4 	 13.8153 	 8.3434
	}
}
{volume "aileron1"
	{box 6.83866 41.1043 1.73846}
	{bone "aileron1"}
	{matrix34
		0.9984 	 -0.0167 	 0.0536
		0.0536 	 -0.0052 	 -0.9986
		0.017 	 0.9998 	 -0.0043
		-3.5311 	 0.236 	 2.0656
	}
}
{volume "aileron2"
	{box 5.7411 39.1996 1.73846}
	{bone "aileron2"}
	{matrix34
		0.9997 	 0.0183 	 0.0163
		0.0162 	 0.0052 	 -0.9999
		-0.0184 	 0.9998 	 0.0049
		-3.6645 	 -0.0079 	 1.1122
	}
}
{volume "body1"
	{box 17.7469 5.4854 13.6413}
	{bone "body"}
	{matrix34
		1 	 0 	 0
		0 	 0 	 1
		0 	 -1 	 0
		-27.4123 	 -0.2465 	 -11.6737
	}
}
{volume "body"
	{polyhedron "body.vol"}
	{bone "body"}
	{matrix34
		-1 	 0 	 0
		0 	 0 	 1
		0 	 1 	 0
		-38.6142 	 -7.7054 	 3.0743
	}
}
{volume "canopy"
	{polyhedron "canopy.vol"}
	{bone "body"}
	{matrix34
		1 	 0 	 0
		0 	 0 	 1
		0 	 -1 	 0
		-14.4229 	 8.9116 	 17.0335
	}
}
{volume "elevator1"
	{box 7.61034 29.0715 1.75038}
	{bone "elevator1"}
	{matrix34
		1 	 0 	 0
		0 	 0 	 -1
		0 	 1 	 0
		-4.6536 	 0.0178 	 -0.3433
	}
}
{volume "elevator2"
	{box 7.61034 29.0715 1.75038}
	{bone "elevator2"}
	{matrix34
		1 	 0 	 0
		0 	 0 	 -1
		0 	 1 	 0
		-4.6536 	 0.0178 	 0.0609
	}
}
{volume "engine1"
	{polyhedron "engine1.vol"}
	{bone "engine"}
	{matrix34
		0 	 0 	 -1
		0 	 1 	 0
		1 	 0 	 0
		-5.6877 	 -1.7905 	 3.3112
	}
}
{volume "rudder"
	{polyhedron "rudder.vol"}
	{bone "rudder"}
	{matrix34
		-1 	 0 	 0
		0 	 0 	 1
		0 	 1 	 0
		-4.9223 	 -0.4592 	 3.0427
	}
}
{volume "spin1"
	{cylinder 29.8393 5.88982}
	{bone "propeller1_work"}
	{matrix34
		-0.017 	 -0.6434 	 -0.7653
		-0.01 	 0.7655 	 -0.6433
		0.9998 	 -0.0033 	 -0.0194
		-4.345 	 -0.1551 	 0.4955
	}
}
{volume "stabilizer1"
	{polyhedron "stabilizer1.vol"}
	{bone "body"}
	{Position -87.5765 	 0.2044 	 6.1067}
}
{volume "stabilizer2"
	{polyhedron "stabilizer2.vol"}
	{bone "body"}
	{matrix34
		-1 	 0 	 0
		0 	 0 	 1
		0 	 1 	 0
		-85.7649 	 -0.9459 	 27.2951
	}
}
{volume "wheelback"
	{cylinder 2.99509 1.96655}
	{bone "wheelback"}
	{matrix34
		1 	 0 	 0
		0 	 -1 	 0
		0 	 0 	 -1
		0.0081 	 0.078 	 -0.0844
	}
}
{volume "wheell"
	{cylinder 5.8786 3.15622}
	{bone "wheel_l"}
	{matrix34
		1 	 0 	 0
		0 	 -1 	 0
		0 	 0 	 -1
		0.2275 	 0.0113 	 0.0083
	}
}
{volume "wheelr"
	{cylinder 5.8786 3.15622}
	{bone "wheel_r"}
	{matrix34
		1 	 0 	 0
		0 	 -1 	 0
		0 	 0 	 -1
		0.2275 	 0.0113 	 0.1475
	}
}
{volume "wingl1"
	{polyhedron "wingl1.vol"}
	{bone "body"}
	{Position -4.2684 	 39.1384 	 -7.7823}
}
{volume "wingl2"
	{polyhedron "wingl2.vol"}
	{bone "wingl2"}
	{matrix34
		-0.9998 	 0.0045 	 0.0186
		0.0059 	 0.9973 	 0.0735
		-0.0182 	 0.0736 	 -0.9971
		2.2378 	 8.6515 	 0.9579
	}
}
{volume "wingr1"
	{polyhedron "wingr1.vol"}
	{bone "body"}
	{Position -4.2683 	 -38.5145 	 -8.4397}
}
{volume "wingr2"
	{polyhedron "wingr2.vol"}
	{bone "wingr2"}
	{matrix34
		-0.9998 	 0.0094 	 0.0167
		0.0078 	 0.9957 	 -0.0927
		-0.0175 	 -0.0926 	 -0.9956
		2.3772 	 -7.0425 	 1.9387
	}
}
