;Exported by:	 TigerF
;Date:			 09.11.2023 13:22:49
;File:			 D:\GOH\3dsmax9_saves\scenes\GoH_3D_vehicles_usa\vehicles\cannon\60mm_m2\60mm_m2_x.max
{skeleton
	{bone revolute "basis"
		{orientation
			1 	 0 	 0
			0 	 -1 	 0
			0 	 0 	 1
		}
		{bone "body"
			{parameters "id=body;"}
			{Position 0.033 	 0 	 0.9492}
			{VolumeView "body.ply"}
			{bone revolute "turret"
				{speed 0.01}
				{Position 0.006 	 0 	 -0.2694}
				{bone "gun_rot"
					{parameters "id=body;"}
					{Position -0.0987 	 -0.0017 	 -0.2467}
					{VolumeView "gun_rot.ply"}
					{bone "gun"
						{parameters "id=body;"}
						{orientation
							0.9951 	 0 	 0.0992
							0 	 1 	 0
							-0.0992 	 0 	 0.9951
						}
						{VolumeView "gun.ply"}
						{bone "bipod_base"
							{parameters "id=body;"}
							{matrix34
								0.9951 	 0 	 -0.0992
								0 	 1 	 0
								0.0992 	 0 	 0.9951
								6.9457 	 0.0014 	 8.7468
							}
							{VolumeView "bipod_base.ply"}
							{bone "stan_r"
								{parameters "id=body;"}
								{matrix34
									0.9659 	 0 	 0.2588
									0 	 1 	 0
									-0.2588 	 0 	 0.9659
									1.0077 	 -1.4505 	 -2.3252
								}
								{VolumeView "stan_r.ply"}
								{bone "support2"
									{matrix34
										0.9659 	 0 	 -0.2588
										0 	 1 	 0
										0.2588 	 0 	 0.9659
										0.1449 	 -5.4515 	 -7.8719
									}
								}
							}
							{bone "stan_l"
								{parameters "id=body;"}
								{matrix34
									0.9659 	 0 	 0.2588
									0 	 1 	 0
									-0.2588 	 0 	 0.9659
									1.0096 	 1.451 	 -2.3237
								}
								{VolumeView "stan_l.ply"}
								{bone "support1"
									{matrix34
										0.9659 	 0 	 -0.2588
										0 	 1 	 0
										0.2588 	 0 	 0.9659
										0.1427 	 5.6675 	 -7.8729
									}
								}
							}
							{bone "1"
								{parameters "id=body;"}
								{matrix34
									0.9659 	 0 	 0.2588
									0.0045 	 0.9998 	 -0.0169
									-0.2588 	 0.0175 	 0.9658
									1.5669 	 -0.323 	 -4.3716
								}
								{VolumeView "1.ply"}
								{bone "1a"
									{parameters "id=body;"}
									{Position 0 	 4.2317 	 -1.9634}
									{VolumeView "1a.ply"}
								}
							}
						}
					}
				}
			}
			{bone "support3"
				{Position 0.2411 	 0 	 -0.0626}
			}
		}
	}
}
