;Exported by:	 TigerF
;Date:			 12.11.2021 22:23:14
;File:			 D:\PROGRAMS\3ds_max\3dsmax9_saves\scenes\Early WW2 tanks\germany\nbw42\210mm_nebelwerfer42_xx.max
{skeleton
	{bone revolute "basis"
		{orientation
			1 	 0 	 0
			0 	 -1 	 0
			0 	 0 	 1
		}
		{bone "pivot_front"
			{Position -0.0394 	 0 	 2.68}
			{bone prizmatic "suspension_l1"
				{limits -0.04 0.04}
				{speed 0.075}
				{Position 0.0394 	 12.328 	 5.4235}
				{bone revolute "wheell"
					{parameters "id=wheelleft;"}
					{matrix34
						1 	 0 	 0
						0 	 0 	 -1
						0 	 1 	 0
						0 	 2.4408 	 0
					}
					{VolumeView "wheell.ply"}
				}
			}
			{bone prizmatic "suspension_r1"
				{limits -0.04 0.04}
				{speed 0.075}
				{Position 0.0394 	 -12.2284 	 5.4235}
				{bone revolute "wheelr"
					{parameters "id=wheelright;"}
					{matrix34
						1 	 0 	 0
						0 	 0 	 -1
						0 	 1 	 0
						0 	 -2.5404 	 0
					}
					{VolumeView "wheelr.ply"}
				}
			}
			{bone "susp"
				{parameters "id=body;"}
				{Position -4.1143 	 0 	 5.3893}
				{VolumeView "susp.ply"}
			}
		}
		{bone "body"
			{parameters "id=body;"}
			{Position -0.0394 	 0 	 8.0693}
			{VolumeView "body.ply"}
			{bone "part2"
				{parameters "id=part2;"}
				{matrix34
					0 	 1 	 0
					-0.9744 	 0 	 -0.225
					-0.225 	 0 	 0.9744
					6.2118 	 -5.7826 	 0.0352
				}
				{VolumeView "part2.ply"}
			}
			{bone "standr"
				{parameters "id=body;"}
				{matrix34
					-0.7071 	 0.7071 	 0
					-0.7071 	 -0.7071 	 0
					0 	 0 	 1
					-6.239 	 -9.2333 	 0.7307
				}
				{VolumeView "standr.ply"}
			}
			{bone "standl"
				{parameters "id=body;"}
				{matrix34
					0.7071 	 0.7071 	 0
					-0.7071 	 0.7071 	 0
					0 	 0 	 1
					-6.239 	 9.1847 	 0.7307
				}
				{VolumeView "standl.ply"}
			}
			{bone revolute "turret"
				{parameters "id=body;"}
				{limits -35 35}
				{speed 0.01}
				{matrix34
					0.9674 	 0.2441 	 0.0671
					-0.2519 	 0.9544 	 0.1604
					-0.0248 	 -0.1721 	 0.9848
					0.0657 	 1.2159 	 7.1872
				}
				{VolumeView "turret.ply"}
				{bone revolute "part1"
					{parameters "id=part1;"}
					{matrix34
						0.9877 	 0 	 -0.1564
						0.1488 	 0.309 	 0.9393
						0.0483 	 -0.9511 	 0.3052
						-1.5213 	 -1.6785 	 3.6227
					}
					{VolumeView "part1.ply"}
				}
			}
		}
	}
}
{obstacle "obstacle"
	{obb2
		{center 2.86102e-006 0.00424576}
		{extent 8.14961 16.4195}
		{axis 1 0}
	}
	{rotate}
}
{volume "barrel"
	{cylinder 6.87023 26.8671}
	{bone "part1"}
	{matrix34
		0 	 0 	 1
		0 	 1 	 0
		-1 	 0 	 0
		5.3619 	 1.435 	 0.0673
	}
}
{volume "body1"
	{box 24.6816 2.80481 11.2598}
	{bone "body"}
	{matrix34
		0 	 -1 	 0
		0 	 0 	 1
		-1 	 0 	 0
		-0.6144 	 -0.0304 	 0.1584
	}
}
{volume "body2"
	{box 16.6812 11.8835 5.16675}
	{bone "turret"}
	{matrix34
		0 	 -1 	 0
		0 	 0 	 1
		-1 	 0 	 0
		-0.5965 	 -0.6189 	 -0.4615
	}
}
{volume "standc"
	{cylinder 5.20039 1.62213}
	{bone "part2"}
	{Position 5.6786 	 -5.593 	 -7.2934}
}
{volume "standl"
	{cylinder 0.95322 27.3032}
	{bone "standl"}
	{matrix34
		-0.9855 	 -0.1691 	 0.0103
		-0.0256 	 0.209 	 0.9776
		-0.1675 	 0.9632 	 -0.2103
		-2.1045 	 13.1042 	 -3.5084
	}
}
{volume "standr"
	{cylinder 0.95322 27.3032}
	{bone "standr"}
	{matrix34
		-0.9825 	 0.1845 	 0.025
		0.0592 	 0.1822 	 0.9815
		0.1765 	 0.9658 	 -0.1899
		2.247 	 13.1204 	 -3.2304
	}
}
{volume "wheelleft"
	{cylinder 7.08661 3.39197}
	{bone "wheell"}
	{matrix34
		-1 	 0 	 0
		0 	 -1 	 0
		0 	 0 	 1
		0 	 0.0545 	 -0.0495
	}
}
{volume "wheelright"
	{cylinder 7.08661 3.38583}
	{bone "wheelr"}
	{matrix34
		-1 	 0 	 0
		0 	 -1 	 0
		0 	 0 	 1
		0 	 0.0545 	 0.038
	}
}
