;Exported by:	 guita
;Date:			 18.09.2023 15:55:36
;File:			 D:\Git\3D_Scenes\GoH_3D_vehicles_usa\vehicles\cannon\107mm_M2_mortar\107mm_m2.max
{skeleton
	{animation
		{sequence "close" {speed 0.7}}
	}
	{bone revolute "basis"
		{orientation
			1 	 0 	 0
			0 	 -1 	 0
			0 	 0 	 1
		}
		{bone "emit2"
			{matrix34
				0.6772 	 0.7358 	 0
				-0.7358 	 0.6772 	 0
				0 	 0 	 1
				-1.3718 	 -15.1698 	 0
			}
		}
		{bone "emit1"
			{matrix34
				0.6374 	 -0.7705 	 0
				0.7705 	 0.6374 	 0
				0 	 0 	 1
				-1.2962 	 14.0959 	 0
			}
		}
		{bone "driver2"
			{Position -4.6925 	 0.2176 	 0}
		}
		{bone "driver1"
			{Position 15.2354 	 -7.6124 	 0}
		}
		{bone "sandbag"
			{Position 19.8649 	 0 	 0}
		}
		{bone "body"
			{parameters "id=body;"}
			{Position 0.033 	 0 	 0.9492}
			{VolumeView "body.ply"}
			{bone revolute "turret"
				{speed 0.01}
				{Position -0.0133 	 0 	 0.035}
				{bone "commander"
					{Position 5.1181 	 -15.1772 	 -0.9813}
				}
				{bone "gun_rot"
					{parameters "id=body;"}
					{VolumeView "gun_rot.ply"}
					{bone "gun"
						{parameters "id=body;"}
						{matrix34
							0.9951 	 0 	 0.0992
							0 	 1 	 0
							-0.0992 	 0 	 0.9951
							0 	 0 	 -0.0072
						}
						{VolumeView "gun.ply"}
						{bone revolute "foresight"
							{matrix34
								0.5692 	 0 	 0.8222
								-0.8222 	 0 	 0.5692
								0 	 -1 	 0
								13.0999 	 -0.0068 	 19.3551
							}
						}
					}
					{bone "bipod_base"
						{parameters "id=body;"}
						{Position 9.1347 	 0.0443 	 13.1504}
						{VolumeView "bipod_base.ply"}
						{bone "stan_r"
							{parameters "id=body;"}
							{Position 5.0064 	 -3.6982 	 -13.5422}
							{VolumeView "stan_r.ply"}
						}
						{bone "stan_l"
							{parameters "id=body;"}
							{Position 5.0064 	 3.9407 	 -13.5422}
							{VolumeView "stan_l.ply"}
						}
						{bone "support1"
							{Position 7.4328 	 3.986 	 -14.1346}
						}
						{bone "support2"
							{Position 7.4939 	 -4.2483 	 -14.1346}
						}
					}
				}
				{bone "gunner"
					{Position 6.5113 	 14.3457 	 -0.9813}
				}
				{bone "handle1"
					{matrix34
						0.1029 	 0.9947 	 0.0054
						-0.9933 	 0.103 	 -0.0521
						-0.0523 	 0 	 0.9986
						-0.0788 	 5.1342 	 -0.1152
					}
				}
				{bone "support3"
					{matrix34
						0.9986 	 0 	 0.0523
						0 	 1 	 0
						-0.0523 	 0 	 0.9986
						0.374 	 0.2559 	 -0.7874
					}
				}
				{bone "handle2"
					{matrix34
						0.0383 	 -0.9993 	 0.002
						0.9979 	 0.0383 	 0.0523
						-0.0523 	 0 	 0.9986
						0.0122 	 -4.7611 	 -0.1104
					}
				}
				{bone "visor"
					{Position 9.9908 	 5.2863 	 24.1855}
				}
			}
		}
	}
}
{obstacle "close"
	{obb2
		{center 9.38058 -0.123855}
		{extent 12.3441 3.92167}
		{axis 1 0}
	}
	{rotate}
	{Tags "close"}
}
{obstacle "open"
	{polygon2
		{radius 0}
		{vertex 17.4114 -5.04098}
		{vertex 17.4114 4.64754}
		{vertex -4.07629 4.14346}
		{vertex -3.98332 -4.2484}
	}
	{Tags "open"}
	{rotate}
}
{volume "body1"
	{box 5.57442 7.93205 0.596976}
	{bone "body"}
	{matrix34
		1 	 0 	 0.0007
		0 	 1 	 0
		-0.0007 	 0 	 1
		-0.4535 	 0 	 -0.7476
	}
}
{volume "body2"
	{cylinder 1.16411 23.9138}
	{bone "gun"}
	{matrix34
		0.8283 	 0 	 -0.5602
		0 	 1 	 0
		0.5602 	 0 	 0.8283
		6.3112 	 0.0456 	 9.3389
	}
}
{volume "body4"
	{cylinder 0.403121 16.1452}
	{bone "bipod_base"}
	{matrix34
		0.8988 	 0 	 0.4384
		0 	 1 	 0
		-0.4384 	 0 	 0.8988
		3.3908 	 -0.0134 	 -6.8391
	}
}
{volume "select"
	{box 28.4194 22.0907 21.511}
	{bone "basis"}
	{Position 8.2978 	 -0.2154 	 10.7555}
}
