;Exported by:	 TigerF
;Date:			 07.02.2022 22:30:13
;File:			 D:\PROGRAMS\3ds_max\3dsmax9_saves\scenes\goh_3d_vehicles_fin\3d vehicles\Cannon\20mm ITK35\20mm_itk35_xx.max
{skeleton
	{bone "basis"
		{orientation
			1 	 0 	 0
			0 	 -1 	 0
			0 	 0 	 1
		}
		{bone "body"
			{parameters "id=body;"}
			{matrix34
				1 	 0 	 0
				0 	 0.9976 	 -0.0698
				0 	 0.0698 	 0.9976
				0 	 0 	 3.9487
			}
			{VolumeView "body.ply"}
			{bone revolute "turret"
				{parameters "id=body;"}
				{matrix34
					0.9683 	 0.2416 	 -0.0634
					-0.2442 	 0.969 	 -0.0381
					0.0523 	 0.0523 	 0.9973
					0 	 0.001 	 2.1197
				}
				{VolumeView "turret.ply"}
				{bone revolute "gun_rot"
					{parameters "id=gun;"}
					{matrix34
						0.9659 	 0 	 -0.2588
						0.2588 	 0 	 0.9659
						0 	 -1 	 0
						2.1335 	 -0.0009 	 12.1526
					}
					{VolumeView "gun_rot.ply"}
					{bone "part4"
						{parameters "id=part4;"}
						{matrix34
							1 	 0 	 0
							0 	 0 	 -1
							0 	 1 	 0
							-6.4627 	 -0.3811 	 0
						}
						{VolumeView "part4.ply"}
					}
				}
			}
			{bone "part3"
				{parameters "id=part3;"}
				{Position -8.3971 	 0 	 1.7874}
				{VolumeView "part3.ply"}
			}
			{bone "part1"
				{parameters "id=part1;"}
				{matrix34
					0.8291 	 -0.5581 	 -0.0335
					0.5588 	 0.8252 	 0.0825
					-0.0184 	 -0.0871 	 0.996
					4.0615 	 7.3399 	 1.7874
				}
				{VolumeView "part1.ply"}
			}
			{bone "part2"
				{parameters "id=part2;"}
				{matrix34
					0.8627 	 0.4888 	 0.1296
					-0.5009 	 0.8613 	 0.0858
					-0.0697 	 -0.1389 	 0.9878
					4.2865 	 -7.1759 	 1.7874
				}
				{VolumeView "part2.ply"}
			}
		}
		{bone "pivot_front"
			{Position 0 	 0 	 3.9487}
			{bone "left_susp"
				{parameters "id=body;"}
				{matrix34
					1 	 0 	 0
					0 	 0.7431 	 0.6691
					0 	 -0.6691 	 0.7431
					-0.0007 	 8.0852 	 0.4843
				}
				{VolumeView "left_susp.ply"}
				{bone revolute "wheell"
					{parameters "id=wheelleft;"}
					{matrix34
						1 	 0 	 0
						0 	 0 	 -1
						0 	 1 	 0
						0.0007 	 2.6598 	 -1.1242
					}
					{VolumeView "wheell.ply"}
				}
			}
			{bone "right_susp"
				{parameters "id=body;"}
				{matrix34
					1 	 0 	 0
					0 	 0.7431 	 -0.6691
					0 	 0.6691 	 0.7431
					-0.0007 	 -8.0844 	 0.4848
				}
				{VolumeView "right_susp.ply"}
				{bone revolute "wheelr"
					{parameters "id=wheelright;"}
					{matrix34
						1 	 0 	 0
						0 	 0 	 -1
						0 	 1 	 0
						0.0007 	 -2.6479 	 -1.1247
					}
					{VolumeView "wheelr.ply"}
				}
			}
		}
	}
}
{area "obstacle"
	{polygon2
		{radius 0}
		{vertex 1.00224 10.9324}
		{vertex -12.0399 10.9324}
		{vertex -17.895 -0.15399}
		{vertex -12.0399 -11.5484}
		{vertex 1.00224 -11.5484}
	}
}
{volume "barrel1"
	{box 15.1577 4.85692 1.8151}
	{bone "gun_rot"}
	{Position -4.4679 	 -1.3204 	 0.0211}
}
{volume "barrel2"
	{cylinder 0.732796 28.4938}
	{bone "part4"}
	{matrix34
		0 	 1 	 0
		0 	 0 	 1
		1 	 0 	 0
		21.67 	 0.019 	 0.5047
	}
}
{volume "body1"
	{polyhedron "body1.vol"}
	{bone "body"}
	{Position 0 	 0.0128 	 0.9642}
}
{volume "body2"
	{polyhedron "body2.vol"}
	{bone "turret"}
	{matrix34
		1 	 0 	 0
		0 	 0 	 1
		0 	 -1 	 0
		1.8637 	 3.6513 	 5.7188
	}
}
{volume "hole1"
	{box 3.1978 7.52504 13.4461}
	{bone "turret"}
	{matrix34
		0 	 1 	 0
		0 	 0 	 1
		1 	 0 	 0
		2.6949 	 -0.009 	 9.6721
	}
}
{volume "hole2"
	{polyhedron "hole2.vol"}
	{bone "turret"}
	{Position -1.6639 	 -0.001 	 6.577}
}
{volume "standc"
	{box 27.6909 1.42304 2.02426}
	{bone "part3"}
	{matrix34
		0.9799 	 0 	 0.1994
		0 	 1 	 0
		-0.1994 	 0 	 0.9799
		-12.2018 	 0.0582 	 -2.6123
	}
}
{volume "standl"
	{box 27.6909 1.42304 2.02426}
	{bone "part1"}
	{matrix34
		0.0171 	 -0.9798 	 0.1994
		0.9998 	 0.0175 	 0
		-0.0035 	 0.1993 	 0.9799
		-0.0591 	 10.9123 	 -2.3655
	}
}
{volume "standr"
	{box 27.6909 1.42304 2.02426}
	{bone "part2"}
	{matrix34
		-0.0086 	 0.9799 	 0.1994
		-1 	 -0.0087 	 0
		0.0017 	 -0.1994 	 0.9799
		-0.1155 	 -10.1491 	 -2.157
	}
}
{volume "wheelleft"
	{cylinder 6.39764 1.77559}
	{bone "wheell"}
	{matrix34
		-0.6561 	 0.7547 	 0
		0.7547 	 0.6561 	 0
		0 	 0 	 -1
		0 	 0 	 -0.4727
	}
}
{volume "wheelright"
	{cylinder 6.39764 1.81594}
	{bone "wheelr"}
	{matrix34
		-0.6559 	 0.7549 	 0
		0.7549 	 0.6559 	 0
		0 	 0 	 -1
		0 	 0 	 0.4928
	}
}
