;Exported by:	 guita
;Date:			 17.02.2022 18:33:22
;File:			 D:\Git\3D_Scenes\GoH_3D_vehicles_rus\vehicles\cannon\m43\76mm_m43_xx.max
{skeleton
	{bone revolute "basis"
		{orientation
			1 	 0 	 0
			0 	 -1 	 0
			0 	 0 	 1
		}
		{bone "body"
			{parameters "id=body;"}
			{Position -0.0623 	 -0.1185 	 7.5448}
			{VolumeView "body.ply"}
			{bone "standr"
				{parameters "id=body;"}
				{matrix34
					0.9613 	 0 	 0.2756
					0 	 1 	 0
					-0.2756 	 0 	 0.9613
					-1.1525 	 -7.3955 	 -0.3644
				}
				{VolumeView "standr.ply"}
			}
			{bone revolute "turret"
				{parameters "id=body;"}
				{matrix34
					0.9906 	 0.0033 	 -0.1366
					-0.0305 	 0.9798 	 -0.1976
					0.1331 	 0.2 	 0.9707
					0.4099 	 0.1537 	 2.1895
				}
				{VolumeView "turret.ply"}
				{bone revolute "gun_rot"
					{parameters "id=gun;"}
					{matrix34
						0.9903 	 0.0984 	 -0.0985
						0.123 	 -0.2873 	 0.9499
						0.0651 	 -0.9528 	 -0.2966
						0.1794 	 -0.082 	 1.201
					}
					{VolumeView "gun_rot.ply"}
					{bone "gun"
						{parameters "id=gun;"}
						{matrix34
							0.9976 	 0.068 	 -0.0157
							0.0085 	 -0.3417 	 -0.9398
							-0.0692 	 0.9373 	 -0.3415
							-4.5155 	 0.0781 	 0.0036
						}
						{VolumeView "gun.ply"}
						{bone "lever"
							{parameters "id=gun;"}
							{Position -12.0001 	 -1.8697 	 1.7559}
							{VolumeView "lever.ply"}
						}
					}
				}
				{bone "shield"
					{parameters "id=shield;"}
					{matrix34
						0.9945 	 0.0209 	 -0.1024
						-0.0209 	 0.9998 	 0.0011
						0.1024 	 0.0011 	 0.9947
						-6.8318 	 -0.149 	 2.2329
					}
					{VolumeView "shield.ply"}
				}
			}
			{bone revolute "wheell"
				{parameters "id=wheelleft;"}
				{matrix34
					0.9006 	 -0.3023 	 -0.3123
					-0.2045 	 0.3393 	 -0.9182
					0.3835 	 0.8908 	 0.2438
					0.0623 	 14.8037 	 0.2092
				}
				{VolumeView "wheell.ply"}
			}
		}
		{bone "part3"
			{parameters "id=body;"}
			{matrix34
				0.9945 	 0 	 0.1045
				0 	 1 	 0
				-0.1045 	 0 	 0.9945
				-1.351 	 7.3934 	 7.2152
			}
			{VolumeView "part3.ply"}
		}
		{bone "part1"
			{parameters "id=shield_lower;"}
			{matrix34
				0.9945 	 0 	 0.1045
				0 	 1 	 0
				-0.1045 	 0 	 0.9945
				1.4858 	 -0.1246 	 6.1214
			}
			{VolumeView "part1.ply"}
		}
		{bone revolute "part2"
			{parameters "id=wheelright;"}
			{matrix34
				1 	 0 	 0
				0 	 0 	 -1
				0 	 1 	 0
				0.0165 	 -15.1067 	 7.754
			}
			{VolumeView "part2.ply"}
		}
	}
}
{obstacle "obstacle"
	{obb2
		{center 0.0286493 0.0977573}
		{extent 7.89206 16.0893}
		{axis 1 0}
	}
	{rotate}
}
{volume "barrel1"
	{box 2.1288 1.90164 19.6128}
	{bone "gun_rot"}
	{matrix34
		-0.0454 	 0.1673 	 -0.9849
		-0.0056 	 0.9858 	 0.1678
		0.999 	 0.0132 	 -0.0439
		3.203 	 -0.0682 	 -0.3761
	}
}
{volume "barrel2"
	{cylinder 1.56538 31.6836}
	{bone "gun"}
	{matrix34
		0.0177 	 -0.1845 	 0.9827
		0.0284 	 0.9825 	 0.1839
		-0.9994 	 0.0246 	 0.0227
		1.1897 	 0.0343 	 2.6674
	}
}
{volume "body"
	{box 22.3304 3.74661 5.14999}
	{bone "body"}
	{matrix34
		0 	 -1 	 0
		0 	 0 	 1
		-1 	 0 	 0
		-1.2603 	 -0.1911 	 0.3565
	}
}
{volume "hole1"
	{box 2.15524 0.721393 7.45757}
	{bone "shield"}
	{matrix34
		0.0428 	 0.9987 	 0.0285
		-0.7659 	 0.0511 	 -0.6409
		-0.6416 	 0.0056 	 0.7671
		8.1107 	 -0.315 	 1.8522
	}
}
{volume "hole2"
	{box 1.8248 0.721393 1.14847}
	{bone "shield"}
	{matrix34
		0.0314 	 0.9989 	 0.0346
		-0.7654 	 0.0463 	 -0.6419
		-0.6428 	 -0.0063 	 0.766
		3.2526 	 5.2372 	 8.2361
	}
}
{volume "shield1"
	{box 0.177165 14.0643 18.3641}
	{bone "shield"}
	{matrix34
		0.7656 	 -0.0648 	 0.6401
		0.0473 	 0.9979 	 0.0445
		-0.6416 	 -0.0038 	 0.767
		6.0318 	 -0.309 	 4.3281
	}
}
{volume "shield2"
	{polyhedron "shield2.vol"}
	{bone "shield"}
	{matrix34
		-0.5314 	 0.7611 	 -0.3719
		-0.6526 	 -0.6478 	 -0.3932
		-0.5402 	 0.0338 	 0.8409
		7.9972 	 -8.5323 	 -1.0683
	}
}
{volume "shield3"
	{polyhedron "shield3.vol"}
	{bone "shield"}
	{matrix34
		0.5939 	 0.6419 	 0.485
		-0.5238 	 0.7661 	 -0.3725
		-0.6107 	 -0.0328 	 0.7912
		7.9994 	 9.3058 	 -1.5402
	}
}
{volume "shield_lower"
	{box 0.760529 22.6139 3.85969}
	{bone "part1"}
	{matrix34
		0.9925 	 0.121 	 0.0182
		-0.1212 	 0.9925 	 0.0127
		-0.0165 	 -0.0149 	 0.9998
		0.9357 	 0.0457 	 -1.8566
	}
}
{volume "standl"
	{cylinder 0.837552 42.6123}
	{bone "part3"}
	{matrix34
		-0.2891 	 -0.9553 	 0.0621
		0.001 	 0.0646 	 0.9979
		-0.9573 	 0.2886 	 -0.0177
		-21.1419 	 6.3472 	 -0.1707
	}
}
{volume "standr"
	{cylinder 1.32333 32.3854}
	{bone "standr"}
	{matrix34
		0.254 	 -0.9597 	 0.1199
		0.078 	 0.1439 	 0.9865
		-0.9641 	 -0.2412 	 0.1114
		-16.8347 	 -4.2273 	 0.8542
	}
}
{volume "wheelleft"
	{cylinder 7.98594 2.84467}
	{bone "wheell"}
	{matrix34
		1 	 0 	 0
		0 	 -1 	 0
		0 	 0 	 -1
		-0.0623 	 -0.0037 	 -0.0686
	}
}
{volume "whieelright"
	{cylinder 7.98594 2.84467}
	{bone "part2"}
	{matrix34
		1 	 0 	 0
		0 	 -1 	 0
		0 	 0 	 -1
		-0.0787 	 -0.0036 	 0.0524
	}
}
